5.476410417387342910e-01 8.563233136186758632e-01 2.389543316778322546e-01
3.347263374514155565e-01 1.334724429173348659e+00 1.774764851671274679e-01
1.341804326975307160e-01 3.995819816340058783e-01 1.135330126854187327e+00
6.650167041994010653e-01 1.239504073597750722e+00 7.971277997097464540e-02
2.695949721645513053e-01 7.265043552743366551e-01 3.844768567720048824e-01
5.050081672503605734e-01 4.049176533444876491e-01 6.051006532455885933e-01
5.000924772800517948e-01 5.138016770353452944e-01 4.863862246889871233e-01
-2.216734894799755884e-02 1.052021294692631947e+00 5.958535146056509468e-01
5.017061585548371339e-01 5.601480711561894754e-01 4.432672123815865062e-01
-1.375600556008165776e-01 6.602889191488084952e-01 1.035125121639797197e+00
3.187719870515743903e-01 1.910104206001230764e-01 1.260445907540689303e+00
5.033447502573212828e-01 4.215446256788645818e-01 5.851467906591140133e-01
-4.340407148030346607e-02 1.047875707347261764e+00 6.102629651054733984e-01
1.199714628302915032e-01 4.230710425203505487e-01 1.122190937417939738e+00
8.835102253468640754e-02 6.148567089647544170e-01 7.042971434852057788e-01
8.055748453268649634e-01 1.805574598713916235e+00 -5.811037518549807546e-01
2.908021492558352517e-01 7.799077780108090163e-01 3.409620911608423621e-01
-9.999999999999638067e-01 9.999999623245110492e-01 9.999999623245112712e-01
5.750279649942635629e-01 1.575027070512030836e+00 4.525433122751602866e-03
1.703538062592675761e-01 1.170549988312331369e+00 3.445935023672092590e-01
-8.036609367663172243e-02 6.320727591881708518e-01 1.042012069414922637e+00
5.898255845307895928e-01 1.657225919274581682e-01 1.013681695887046708e+00
4.376633656639348224e-01 1.437661395982132717e+00 1.112840359634061776e-01
6.390544195961884721e-01 1.166417220151911627e+00 1.079383833302607898e-01
3.400733922043238100e-01 3.536405396358090480e-01 7.177841750683143784e-01
5.215898345934926184e-01 3.137886467026853587e-01 7.293928895445264127e-01
7.808133756205699605e-01 1.530231471606071203e+00 -1.766942432464403689e-01
6.896620517901999592e-02 1.083976905674278512e+00 5.043984416417786054e-01
-8.964940554213970958e-03 5.859872615241555893e-01 1.054990331922861513e+00
1.131048261350595663e-01 1.116113078947934767e+00 4.346019393608882564e-01
-4.838470484424456375e-01 1.013950924480856219e+00 7.777207454662807828e-01
5.173073398539626000e-01 3.312527971619800837e-01 7.033637710146470878e-01
1.084197513608627095e-01 4.807656453089615423e-01 8.889065182398728782e-01
6.394101872189326130e-01 -8.952776653266684981e-02 1.595151123217555700e+00
1.938271623764753759e-01 3.132325388825766832e-01 1.193887073447934544e+00
-3.582694903363543570e-01 8.849660408340694895e-01 7.749463923867380144e-01
5.764099077923503511e-01 9.673351294014633783e-01 1.853928356046805337e-01
6.532517763872521810e-01 1.206881646146531040e+00 9.275751353219302553e-02
5.858816259341650401e-01 1.000328340700634033e+00 1.712475473365647760e-01
-6.403061720886317199e-01 1.008647632537643890e+00 8.226600439820492827e-01
7.495159579303574127e-01 1.455938398757053998e+00 -7.284426545026093103e-02
5.067820895878962784e-01 3.903093851037999218e-01 6.232567272098431532e-01
7.903178503826711054e-01 -2.143221147078113731e-01 1.552313866750190341e+00
6.312709920497707738e-01 -3.173390003152075367e-02 1.473524830126473839e+00
5.453942817298792489e-01 8.467107995545345434e-01 2.440751207491495267e-01
-1.409255957875676368e-01 6.617963383978273662e-01 1.034777878115817007e+00
-9.440859364787170804e-01 9.339881512138443753e-01 1.001126807231950577e+00
6.998064003186246773e-02 1.084559970961990194e+00 5.029729031331733324e-01
-8.105463196898991807e-02 6.324474032736049356e-01 1.041915589396648523e+00
5.613082462779430681e-01 9.114785743715143607e-01 2.111139560963751216e-01
4.645853039183528987e-01 1.397182138074265945e+00 9.725577425157964917e-02
6.416793034489498559e-01 1.173996242769201670e+00 1.051453470050223576e-01
6.595706380731501950e-01 1.659570100473550136e+00 -1.359675674108793975e-01
5.796627900026438684e-01 1.259257944982719479e+00 8.049694352143912934e-02
5.364356180706688626e-01 8.063894350300371272e-01 2.664831803377958330e-01
-7.556292982467266439e-02 6.294306197172236939e-01 1.042696731299997293e+00
5.928688062745752774e-01 1.023845073380004633e+00 1.615894436931400724e-01
5.126202696735560060e-01 3.537421784426091897e-01 6.715003634613090355e-01
6.886959253160672700e-01 5.010698389447355156e-02 1.303019636007503479e+00
5.221642517792862703e-01 7.327163828202486462e-01 3.116150030205312449e-01
3.514516869015368861e-01 5.714121569753699559e-01 4.585098663836457145e-01
-5.890787944475330828e-01 1.010239000389857145e+00 8.078608291095489280e-01
8.746024036759504350e-01 1.740168801775359153e+00 -6.274385461670829445e-01
-3.092303958239557282e-01 7.248175973004813422e-01 1.022092824403516120e+00
8.191073933608647994e-01 -3.435601661777548665e-01 1.617991163420349654e+00
3.717234648767251404e-01 1.138015251571187436e+00 1.747879357249625121e-01
5.079401744117143513e-01 6.641194292162908019e-02 1.507938714342349940e+00
2.391542421149754072e-01 1.239158711285483827e+00 2.610774283063257428e-01
6.870500995313147952e-01 5.237465297652327961e-02 1.298688971023583383e+00
-2.444071406548012915e-01 7.027527836995969279e-01 1.026145334040134749e+00
5.672062025641493310e-01 1.567205211636954809e+00 1.345341911270273721e-02
6.859080938620804035e-01 -1.990707981006646643e-01 1.685907626811626203e+00
5.390030466356549033e-01 2.597011351412105151e-01 8.183056930480596680e-01
9.041195783762081550e-01 -8.483903433828438034e-01 1.849062005539724662e+00
5.101424850559422852e-01 6.525756654674618185e-01 3.677112556902772944e-01
5.588519561633732424e-01 9.019365634746112637e-01 2.157490475876843172e-01
8.327110278276829147e-01 1.648445392232041673e+00 -4.109311420065164810e-01
4.352646198375134667e-01 1.127107360088715621e-01 1.435262846623262201e+00
5.803164656724922876e-01 9.662883762694296497e-02 1.209512736188126603e+00
-3.939274542265763235e-01 9.327646122124617634e-01 7.652060585139013327e-01
-2.982205191552660395e-01 1.022729024587202717e+00 7.212039256021857137e-01
6.712052618819132066e-01 7.250901915022356370e-02 1.256365617887688746e+00
-9.847499683717189090e-01 9.655890935960851351e-01 1.000301174242178570e+00
-3.277229039073574213e-01 7.498731836120016148e-01 9.175394667579916952e-01
5.867227480386624228e-01 1.003194305424897070e+00 1.700524452222628990e-01
-1.787548684685440481e-01 9.060008415713459717e-01 7.007853695844010744e-01
1.064259304494356989e-01 1.110424624042323005e+00 4.458168831876618277e-01
5.992076552760658981e-01 1.044649259441982281e+00 1.533099567837307442e-01
6.444027878313521862e-01 1.181811599643730837e+00 1.022465319733300987e-01
5.141049942575660614e-01 3.461417161803462261e-01 6.820702418409827494e-01
7.531893172297822181e-01 -3.900776152330637236e-01 1.712811739025524638e+00
-6.695922881584185360e-01 8.312641364293869017e-01 1.007790165221106538e+00
6.382609996420439691e-01 1.087832132450818473e-01 1.164117033534426859e+00
7.673597590785323774e-01 1.498605446223946203e+00 -1.282407785846818304e-01
5.072594347190957365e-01 3.867580722240230862e-01 6.277627351921633014e-01
3.279702712834164369e-01 1.029506030072769196e+00 2.221522861583496433e-01
5.032033029327991347e-01 4.231506527257045125e-01 5.832579317767662141e-01
5.474656228223828691e-01 2.393478916688854541e-01 8.555790028552839876e-01
9.348715331037430465e-01 1.867471834412397502e+00 -8.903719451129291640e-01
2.169134045875500960e-01 2.854111733247013949e-01 1.216930933153593575e+00
6.468964125367051565e-01 1.188925363206570385e+00 9.958715038527211905e-02
-8.202470720894678990e-01 1.003868597209164326e+00 8.794682250163964321e-01
-9.999999999999664713e-01 9.999999637647178918e-01 9.999999637647181139e-01
-2.793580434599794438e-01 7.148952212021725261e-01 1.023865687217419662e+00
3.582957477367884613e-01 1.358293721971675971e+00 1.608226431898257536e-01
7.144375292003268818e-01 8.635869420506529781e-03 1.369324739575896732e+00
6.903723380165472934e-01 4.775720060449310800e-02 1.307418705095092504e+00
5.042921077839520594e-01 4.116282754256874732e-01 5.969585510857876587e-01
-2.070540080524304050e-01 6.889793745656002111e-01 1.028883296839630423e+00
6.503074884549029377e-01 1.650306981629001246e+00 -1.160753259962813977e-01
5.550997274911916302e-01 2.231199731314951196e-01 8.870676304182871785e-01
5.054113022480810624e-01 4.013709337917402697e-01 6.094536704033090002e-01
-2.846883622904956557e-01 1.023537977618464101e+00 7.166938630851132919e-01
5.023762000146011486e-01 7.040301610038657287e-02 1.502374888264967900e+00
-1.606783609578022187e-01 8.835303074762392850e-01 7.025556982211387247e-01
-6.489931598067509855e-01 8.251983784282013179e-01 1.008389538214595316e+00
-4.785761727079541061e-01 1.014155243681398089e+00 7.761995130645595875e-01
6.956194734618400544e-01 -2.247485653731337574e-01 1.695619037013230024e+00
2.945986078826030585e-01 8.995708220340292716e-01 2.834856723273412316e-01
-4.361620321835774083e-01 7.900582153367325944e-01 9.039726489285115907e-01
5.637901191756702346e-01 2.065718514196234479e-01 9.209778400616264182e-01
7.033930015926650459e-01 2.795732502837564026e-02 1.341191812928616223e+00
1.104853232433937460e-02 5.693616993924036640e-01 1.060239927845470609e+00
7.604491127918499016e-01 -1.055906724300317290e-01 1.482182296537875033e+00
5.747705126993877256e-01 4.828283846807529534e-03 1.574769650543614841e+00
5.681981280746849494e-01 1.545479483862270687e-02 1.515426319919805032e+00
-2.556158393201079515e-01 1.025387351542510483e+00 7.067170404621554436e-01
1.174185348335830409e-01 4.445932362888949663e-01 9.663389256405400252e-01
6.054216890419579222e-01 1.064601689875350754e+00 1.455763140488062213e-01
3.198806239457178680e-01 1.917962032133696537e-01 1.235606925438497594e+00
4.358916929738877455e-01 1.116122435785465994e+00 1.543176849562406805e-01
2.376885687959521265e-01 2.626130456946765279e-01 1.237693388170616027e+00
7.558378920496443554e-01 -2.702706868177110477e-01 1.595845968720283281e+00
5.582588069490803662e-01 8.996101915485907874e-01 2.168902812685720161e-01
5.785268697339837063e-01 9.748306515716815834e-01 1.821147837001422798e-01
5.120378743592723936e-01 6.672085846334271375e-01 3.568690512828861516e-01
5.022164064271110728e-01 4.356160080017315028e-01 5.688198044786250129e-01
-1.325215388533854122e-01 8.555955530638587048e-01 7.036939809801501244e-01
3.748884391618085843e-01 2.775597023468505120e-01 8.313578817427411671e-01
6.628572140656018297e-01 -1.433132268346671012e-01 1.662856647283082800e+00
5.846727312262968157e-01 9.961921596003462387e-01 1.729814980649609646e-01
5.183065098022903161e-01 3.269548558180103148e-01 7.096610589785558032e-01
5.242714317828918169e-01 7.446041444425827160e-01 3.039414513126262873e-01
-7.483542665327238552e-01 8.553512598561749947e-01 1.005647044213797692e+00
2.437781554279486451e-01 2.562923114139536995e-01 1.243781307244087309e+00
5.258391278754638298e-01 2.985050700529071066e-01 7.531759210621233880e-01
7.672922772746523234e-01 1.751281032632258761e+00 -4.461415151186521877e-01
5.171218404324073870e-01 7.021785731602092628e-01 3.320669983483873766e-01
7.578052787610218832e-01 1.475866167558384401e+00 -9.732761212411861207e-02
5.567685031684839192e-01 8.937257294730225343e-01 2.197967868958109749e-01
5.156124866118465544e-01 6.923283234795803986e-01 3.388995920942421414e-01
-2.042279781401297734e-01 6.923897619417072047e-01 9.739221718408759276e-01
8.956562811765494958e-02 1.097282182100208781e+00 4.734769290620910454e-01
7.049560511712171795e-01 -2.506121089262084434e-01 1.704955624008829052e+00
8.061656348851414799e-01 1.588682940969341484e+00 -2.828698759390146367e-01
5.099247860928362019e-01 6.508213386579966286e-01 3.690302102874837842e-01
1.455791119748795492e-01 9.889528313804590853e-01 3.977517155764640489e-01
7.764327694265980018e-01 -1.602892849970938838e-01 1.519982537554784408e+00
5.231403910864614870e-01 5.483092056797804481e-02 1.523139158119315439e+00
5.058862309359735132e-01 3.973773917767086106e-01 6.143969811636357248e-01
5.007119973961244863e-01 4.629384509908548995e-01 5.384885014484750432e-01
5.321039795253775795e-01 7.855044043685199817e-01 2.787057123305718420e-01
5.001522750892000158e-01 4.826155797452080232e-01 5.176920091934723578e-01
6.899735074315473948e-01 4.831998485748986716e-02 1.306373204836918767e+00
8.449106503590797512e-02 4.814539719731603107e-01 1.093714771357679583e+00
6.106107293855403961e-01 1.393679596205103788e-01 1.080955801762473634e+00
4.857645408214208427e-01 1.671722195673502886e-01 1.033013662509299824e+00
7.123897581115739008e-01 1.712389349057321208e+00 -2.719975159166404532e-01
8.655474545898232952e-01 1.720588446754328871e+00 -5.808546725995930027e-01
6.604815170392419610e-01 1.660480929800155270e+00 -1.379882878166396598e-01
5.449765944802666962e-01 2.450476475617305860e-01 8.449026562976633681e-01
1.983769652710607179e-01 3.481574948043663631e-01 9.324416744951744551e-01
7.312820010212108812e-01 1.603768049307351173e+00 -2.503347416662838887e-01
-3.401269946732010663e-01 7.347214342066490378e-01 1.020403204443532053e+00
5.138968459027064561e-01 3.471776443598873496e-01 6.806179275116620575e-01
7.658576108254102621e-01 -4.430024339051391036e-01 1.765857292852431426e+00
2.455441700568090219e-02 1.064435569080648181e+00 5.567494670849676419e-01
5.139302580529565567e-01 3.470080433674662679e-01 6.808554443989734972e-01
6.998420940840104354e-01 3.364984695709224288e-02 1.332049042062875222e+00
8.029648026739725220e-01 -2.684748474246947958e-01 1.581379923924659092e+00
4.845968319763737098e-01 1.136063191776285342e+00 1.355910085599171533e-01
8.745116400110169996e-01 1.739973128793537160e+00 -6.269756863301343408e-01
6.402913876003802907e-01 1.169994511539817594e+00 1.066220025302333091e-01
7.496029842919887942e-01 -7.309031533886038712e-02 1.456148702363809999e+00
-2.630927142094722226e-01 8.248738841364159358e-01 7.808117297586366634e-01
3.415775793799599030e-02 9.708901106180668483e-01 5.560604764360320695e-01
4.675823533741973459e-01 5.568238283525563936e-01 4.473626108666086676e-01
5.728489048442165776e-01 1.910727429359665719e-01 9.545564052551390732e-01
1.013542908063005399e-01 7.478044676558055492e-01 5.616616821911369906e-01
6.259757654117013015e-01 2.794936286201837178e-02 1.363095001437199638e+00
3.362215338653297136e-01 4.955579275301561504e-01 5.373655565256229005e-01
6.039383600265428864e-01 1.603937632368787058e+00 -3.378613639997852386e-02
6.202011328494100306e-01 1.283802229460326572e-01 1.110512332591661711e+00
6.281589546403479885e-01 1.196230826005120207e-01 1.134440375923270850e+00
7.035171501668129324e-01 -2.465527701914123904e-01 1.703516736112727692e+00
-1.067069940921136217e-01 6.457409757848748821e-01 1.038580194029103065e+00
2.697731290007387983e-01 1.269773335863259245e+00 2.309684200997720316e-01
-2.955716374444489758e-01 1.022884951974960099e+00 7.203272183598192768e-01
-4.947174177568202658e-01 1.013535235328502093e+00 7.808510057915889480e-01
7.265487301584762359e-02 1.086131961572585292e+00 4.991637972807557166e-01
6.429470898057146888e-01 1.177640239728682481e+00 1.037964033241259298e-01
5.002660748831639914e-01 4.771359122084676829e-01 5.233991597634686244e-01
5.072604838441832076e-01 3.867501038980792338e-01 6.277728871328311921e-01
4.999991232256502105e-01 4.989099302400242242e-01 5.010912592834221302e-01
5.144953783306563944e-01 3.442212173063644576e-01 6.847725451981196976e-01
1.398519913478478427e-02 5.667305971824047051e-01 1.058652889231666006e+00
4.817842754394088822e-01 8.427799231288354842e-02 1.481783282501150767e+00
5.019481058640270499e-01 4.395061669920494185e-01 5.643930138344176450e-01
7.019314048168219244e-01 3.032881508915709345e-02 1.337434751802589528e+00
6.258463893682649770e-01 1.625845103707395767e+00 -6.919351019164475536e-02
5.021293158083270924e-01 5.674126982629331684e-01 4.368490199169480226e-01
4.514135495050516367e-01 1.274301258507536394e-01 1.212870676550569682e+00
5.037563166499352540e-01 5.904504247194947153e-01 4.170651846931087703e-01
1.240863131311537998e-01 4.161992261547024508e-01 1.125927381061094135e+00
3.596179860701250730e-01 1.599236192165933435e-01 1.359616666195420542e+00
-3.833583672592451308e-02 6.069690929786055733e-01 1.048803950679620733e+00
1.710968068323733271e-01 1.099874243468113910e+00 3.466358209272228375e-01
5.444059077713435668e-01 8.424234775282193333e-01 2.463859207166986254e-01
6.964898176545578079e-02 1.066859068589233184e+00 5.037041167966127553e-01
-8.826717301931977233e-02 1.040927927679784704e+00 6.363124840052816200e-01
-7.687891269584511134e-02 6.301595772025213593e-01 1.042507104993735778e+00
7.193716552726656666e-01 -8.658922520469319872e-04 1.381749564224219906e+00
5.270672458305349917e-01 2.943937947686646739e-01 7.597432304993052554e-01
5.112590785941649729e-01 6.613271061806428319e-01 3.611929980368880910e-01
6.311896444914666393e-01 -7.875042040416206646e-02 1.631189085593929278e+00
6.346061901097935776e-01 3.377931539543691658e-02 1.346197291522135853e+00
-4.699400242974993008e-02 6.187190205123865860e-01 9.742434618631841126e-01
2.907664880532376817e-01 1.290764984705458307e+00 2.122861866334163350e-01
-5.504193791855253037e-01 1.011526386872632743e+00 7.967994509772485801e-01
-2.203526351135092765e-01 1.027868234692344673e+00 6.939903297633742696e-01
-4.498126390409382114e-01 1.015308833246807430e+00 7.678490544321978639e-01
5.018300389751899626e-01 5.623457390251327404e-01 4.413162924338099313e-01
6.418293356261853821e-01 1.049857033477720747e-01 1.174428106004878014e+00
8.219502055787318850e-01 1.821949982782845812e+00 -6.378705568035477613e-01
5.287340400861954004e-01 2.890052407057593364e-01 7.684643651842085754e-01
5.317295217015195474e-01 7.836478233868636734e-01 2.798134059462867862e-01
5.459934565407505991e-01 8.492912525984881444e-01 2.426923172072461277e-01
9.351864380739025040e-02 4.671292520215146182e-01 1.100190115547068359e+00
5.548113813145132411e-01 2.237017757535805229e-01 8.859095439490600743e-01
5.242185686235385500e-01 3.041285211264269650e-01 7.443114217672869293e-01
9.058431643778784570e-02 4.718515538757121486e-01 1.098020959754853809e+00
7.021890571856785890e-01 -2.428295242823841626e-01 1.702188633478264546e+00
7.960543392243374372e-01 -3.693464581637398991e-01 1.634762104071588062e+00
5.293401457240478614e-01 7.715856119847107619e-01 2.870961687617891167e-01
7.364861572016832003e-01 -1.168117730274598060e-01 1.493553089269083145e+00
9.261387650811448990e-01 1.849327710381815315e+00 -8.599135408302316375e-01
5.559607568267638245e-01 8.905122089107418981e-01 2.213961094334407076e-01
-5.638713966669093303e-01 8.006439751689484741e-01 1.011069496809874124e+00
5.005065289596184464e-01 4.686332894347828848e-01 5.323827075742252335e-01
5.939514239983111343e-01 1.027432361605588262e+00 1.601448618537678614e-01
6.336763836607559597e-01 1.150740907400326751e+00 1.136777580341677973e-01
7.573636424371328335e-01 -9.596880288723604047e-02 1.474809195508808513e+00
-1.646078650638467811e-01 6.720271050940329616e-01 1.032481426481260955e+00
4.014294801169338567e-01 1.863205439045206302e-01 1.041643629293867557e+00
-4.743879673394293950e-01 7.749889843787800547e-01 1.014319548765823864e+00
5.961083811102251273e-01 1.034536966684621806e+00 1.573050959904054580e-01
7.056360027770610666e-01 1.346942345358950188e+00 2.423716391014888588e-02
6.400158199345773458e-01 1.069151575274818189e-01 1.169198618985143767e+00
5.326770646001948162e-01 2.770271896021226365e-01 7.883289789794637459e-01
9.579145115892064022e-02 1.101912628319593912e+00 4.634337886137055440e-01
5.013420325167425862e-01 4.495069608820683738e-01 5.531800671791231583e-01
5.603395130811827940e-01 2.129249149263177099e-01 9.077324442641079294e-01
8.341883759216393024e-01 -4.184191119861946362e-01 1.651731790096177654e+00
-1.181147445045722666e-01 6.512833669395861058e-01 1.037240220456840500e+00
8.805764129993529643e-01 1.753017358555631677e+00 -6.576526806759208643e-01
6.732932310275041576e-01 1.262010965963759279e+00 7.000756004300616453e-02
1.202869131252876089e-01 1.122475076836851882e+00 4.225428484478478408e-01
5.208755346274204223e-01 3.165390985577766214e-01 7.252146712367097958e-01
-2.093299002531345543e-01 9.034275841563208509e-01 7.138548247058938978e-01
6.258967667435679783e-01 1.018772879774742512e-01 1.183605696408261743e+00
3.713385527741340786e-01 1.755710220794718945e-01 1.134991973771018126e+00
7.845821152116306818e-01 -1.912850238833561090e-01 1.539012310750884183e+00
5.550975122242374216e-01 8.870586065713739199e-01 2.231245022084105689e-01
5.315890848935507229e-01 7.829493881922884313e-01 2.802310221505633914e-01
5.160899232151329175e-01 6.954870247037571174e-01 3.366957181207665406e-01
8.046515082508304273e-01 -2.760267865832458645e-01 1.585230549591671867e+00
5.814055647382664338e-01 1.777686920005992488e-01 9.849070653453995128e-01
-7.594746758098502859e-01 8.589123786177534914e-01 1.005361690968862298e+00
-2.440405267444772930e-01 7.026219123293510060e-01 1.026170580004865718e+00
7.555116552788876394e-01 -9.033789048655728460e-02 1.470371208515490524e+00
-1.464920635032390395e-01 6.642589029559090585e-01 1.034216798745971388e+00
-9.320141647400757012e-01 9.271200015532465866e-01 1.001378486831681069e+00
5.335008113102294169e-01 7.923550826674959913e-01 2.746485603201646586e-01
2.329497266839592740e-01 7.438531912642843968e-01 4.007265904789347744e-01
8.941131450700762207e-01 -8.593807057102563762e-01 1.893777201219047690e+00
5.000048475662647318e-01 4.964470000638754321e-01 5.035656687711506097e-01
4.721489563493919683e-01 1.333234161655671157e-01 1.156948213826510141e+00
-3.573638544533867534e-01 7.801393161122862629e-01 8.754168206398400542e-01
5.706326142250873756e-01 1.947191800879878310e-01 9.464892961158358764e-01
5.536098687668877805e-01 2.261511538315091330e-01 8.810584455841452556e-01
2.458229655762293464e-01 9.285166037265519812e-01 3.063466338162513791e-01
1.154232740290177250e-01 4.307039360478060463e-01 1.118141376723575053e+00
-9.999999999999856781e-01 9.999999754740573898e-01 9.999999772751801963e-01
7.692308072676804498e-01 1.503030772040745866e+00 -1.346354328297799663e-01
-2.987254657466827390e-01 1.022699541818524072e+00 7.213707209257099739e-01
-1.634343238814690569e-01 1.032589237717836950e+00 6.715346259872666534e-01
9.289616054022158398e-01 -8.701156336508807376e-01 1.855203194305305336e+00
4.603748484216974718e-02 1.072579005612538161e+00 5.337662571138070966e-01
-1.802842351294075551e-01 1.031082685312210367e+00 6.784748689449978665e-01
3.527199340528760496e-01 1.352718003163084326e+00 1.646529654481053984e-01
5.581009310002565948e-01 8.989896098453981077e-01 2.171954630819846466e-01
7.335292640549082588e-01 -3.151301786931764992e-02 1.416946850670510738e+00
5.022877248144356210e-01 4.346326128674953826e-01 5.699447289319725662e-01
-1.597235720661675795e-01 6.699679425841912339e-01 1.032935547767809270e+00
2.421721333023914013e-01 2.579441830057505047e-01 1.242175628366174900e+00
4.941671331603984529e-01 1.408554701627009242e+00 8.018136510944062767e-02
7.099427193183405205e-01 1.357929953979068571e+00 1.680988963987645191e-02
8.960147981617245794e-01 1.785975430800625485e+00 -7.327537780051029959e-01
5.845014510256203444e-01 1.584500095934194608e+00 -7.065614819813693936e-03
5.210805558694376893e-01 3.157427999677408503e-01 7.264212242617750226e-01
7.732778694465067826e-01 1.512572450313356853e+00 -1.488486387229668584e-01
5.688901200891957055e-01 1.976497763435536570e-01 9.400816633976099013e-01
2.877199332535397835e-01 1.160825100237672158e+00 2.224454087437290895e-01
5.734130435665638625e-01 1.901584530398996442e-01 9.565957350210545496e-01
7.546630313220791253e-01 1.468334562161020873e+00 -8.779382058633072861e-02
6.389063273471642379e-01 1.165988285868968743e+00 1.080960151630219329e-01
9.652154038932694857e-02 6.985149893457971437e-01 6.057692113673716072e-01
5.002079237276377821e-01 4.797462748536965860e-01 5.206724633303442262e-01
6.377158961688810246e-01 1.162534443160961217e+00 1.093638274295197221e-01
5.795457629333268246e-01 1.805621602364375911e-01 9.784121282335769276e-01
9.048243608387377401e-01 1.804629372871541904e+00 -7.730212561811388161e-01
6.840773141799573187e-01 1.684076857071561850e+00 -1.943732273290302293e-01
2.836097999827759120e-01 2.263448371849380858e-01 1.154548465774274613e+00
4.312971000332321836e-02 1.071351558798133929e+00 5.371147100779467554e-01
5.189431400799480176e-01 1.518941887120539347e+00 5.813742625685686116e-02
4.012948850718401905e-01 1.401293080323247953e+00 1.331278017277451320e-01
5.589719720546773019e-01 1.361713116033903326e+00 5.520620101925354656e-02
-9.492014482473613013e-01 1.001021090533230629e+00 9.371093798076352011e-01
8.297078922627262321e-01 -3.958011665681259728e-01 1.641752424984816994e+00
5.011638762334635899e-01 5.494435020104482259e-01 4.528872741231611543e-01
5.387456153549313731e-01 2.603682524682877086e-01 8.171228243363974908e-01
-2.930241301847775204e-01 7.194813015345240537e-01 1.023036043324159206e+00
7.285375229905166616e-01 1.404610528718155837e+00 -2.010480224811299343e-02
8.148991930648177284e-01 -3.234136568130643874e-01 1.608497885504363900e+00
4.924302136596755419e-01 1.073438494512468200e+00 1.524882232168982554e-01
6.750427133268747104e-01 6.788044198972910392e-02 1.266724797483812281e+00
7.404490881755420029e-01 1.433918037131351797e+00 -4.848034304794818922e-02
-3.920638440373587497e-02 1.048641944805101422e+00 6.075409042166808327e-01
5.133180147883488198e-01 3.501076356540872014e-01 6.765302692216976777e-01
4.622404159323834638e-01 1.462238470276969515e+00 9.652149912289796629e-02
7.468622439868143337e-01 -6.545646451355688344e-02 1.449518228751086824e+00
1.411008196343098431e-01 3.884599112470472626e-01 1.141926926460605118e+00
5.712877299861981450e-01 9.488833811094332660e-01 1.936320405146278456e-01
6.468000299425081812e-01 -1.088540701182758308e-01 1.646799474885552339e+00
6.324874387625095684e-01 1.147247224405477439e+00 1.149527237882203567e-01
6.099649899815251519e-01 1.078935132144193565e+00 1.401293563610720161e-01
-6.468359443856183111e-01 8.245670446068221748e-01 1.008453341184571084e+00
7.887538459627454479e-01 1.553880858542545429e+00 -2.170715557851769506e-01
4.630084686643463621e-01 2.052487482695708743e-01 9.432373176994249819e-01
5.666358398770331428e-01 9.317037244298114196e-01 2.015280933432732902e-01
6.813602679422007258e-01 5.993539687241204728e-02 1.283624937781561837e+00
5.564184298869606637e-01 2.204878016589432721e-01 8.923351596626913906e-01
6.298066915901607832e-01 1.139332425729818077e+00 1.178390806023972837e-01
9.902585933703958454e-02 4.581254904103156944e-01 1.104424441971191717e+00
5.991195563758533460e-01 1.534221732188963405e-01 1.044363373622572588e+00
6.834010062350897030e-01 5.727132469123594194e-02 1.289044339562281927e+00
5.105949386281706248e-01 6.561703272148126098e-01 3.650215603279871601e-01
8.083235747771648771e-01 1.593592800903135265e+00 -2.927174325459115378e-01
2.221281594851584607e-01 4.443849654113529168e-01 6.895412104721307944e-01
6.219599404768868522e-01 1.115845333475598444e+00 1.264212741732075873e-01
2.881436809068957938e-01 1.288142985888114378e+00 2.145409547146743534e-01
2.880601627944427423e-01 6.359097617832045746e-01 4.354517786889388065e-01
3.368679316057379136e-01 2.085317442804246746e-01 1.064111616655178727e+00
3.681324643188569889e-01 1.115914825371405072e+00 1.810382481097203844e-01
-3.520959271198697005e-01 1.019783305658617856e+00 7.384746103500392511e-01
-6.580259503015858380e-01 1.008124570884038951e+00 8.278495957189698773e-01
-1.360335560831590351e-01 1.035284318939933002e+00 6.596004665842011283e-01
8.052983036687231255e-01 -2.789419458956258202e-01 1.586705452488157864e+00
-3.382915996300706607e-01 7.341420413207966345e-01 1.020499894413603448e+00
2.420520144661812423e-01 2.580681623410890357e-01 1.242055495926207787e+00
7.621728337907731632e-01 -1.110979213915243846e-01 1.486290525295336673e+00
6.182154467599647596e-01 1.618214773955606756e+00 -5.618437006857213839e-02
5.068809419965992769e-01 3.895621433999416072e-01 6.242017941456100560e-01
5.001243706382397791e-01 4.842610624060891267e-01 5.159906289065274709e-01
6.080691582052877298e-01 -8.980993925871413874e-03 1.465894956830654738e+00
8.640900304979761692e-01 1.717424947026064297e+00 -5.732956454513064015e-01
5.695001494848450641e-01 1.472324080782648092e+00 2.116996009352722918e-02
6.455643089730843664e-01 -1.063503286138358095e-01 1.645563705640817886e+00
-7.819060145633911496e-01 8.730827558690410495e-01 9.618640748056341838e-01
-6.534345375806882572e-01 8.303805844780685064e-01 9.709031322731802582e-01
2.516826347034766681e-02 6.443243455909878348e-01 7.784571876785572053e-01
5.442614947780660684e-01 2.467266789287015372e-01 8.417938664350291811e-01
5.066655402298246846e-01 3.911935776048304780e-01 6.221405441675138537e-01
-5.379138841768200674e-01 7.932260060936703328e-01 1.011960899862422991e+00
5.210737949134794933e-01 3.157690888485730762e-01 7.263813510226618808e-01
5.885447496400038059e-01 1.674952733118568737e-01 1.009368324209845902e+00
5.039840244919699952e-01 4.147052038044280464e-01 5.932657634901059573e-01
6.425480679724954181e-01 1.443511616205892079e+00 -2.336549705918432307e-02
-2.652397232923104364e-01 1.024757248357711426e+00 7.100662811673187358e-01
6.001727664841138843e-01 1.047775734017358795e+00 1.520854445745626338e-01
-3.050947090017055441e-01 7.837548168422161510e-01 8.423252448690220495e-01
-4.373539441241765524e-01 1.015828894644961178e+00 7.642010433099756250e-01
-1.323189793527194125e-01 6.579125443473482493e-01 1.035676378621347427e+00
9.688978669713421699e-02 4.962089072951175184e-01 8.950719848436832216e-01
7.454216968633008422e-01 1.639045474183497442e+00 -3.118374124998232189e-01
-8.310792276682380519e-01 8.833836372767858158e-01 1.003613653043541110e+00
5.031732567592628325e-01 4.234909261631983335e-01 5.828585858932500141e-01
7.026115471642695454e-01 1.339183946058717378e+00 2.923040509017521549e-02
6.325124153335460742e-01 1.149258889171894255e-01 1.147320780918434924e+00
-1.578531008746281716e-01 7.422828027165279119e-01 8.143201736702202487e-01
3.356804733784343742e-02 5.475836721248227290e-01 1.067604632652264574e+00
5.103255583068121437e-01 3.666146349863529941e-01 6.540384673543596650e-01
6.648745092098139464e-01 1.664873924760429391e+00 -1.478968682741385599e-01
1.509539866530779095e-02 1.061434138767934687e+00 5.657129493447485835e-01
4.140253878450737557e-01 1.253938041238386869e-01 1.414023641694416300e+00
3.859560139467367312e-01 1.506501295295801790e-01 1.247638043595576507e+00
-9.999999999999624745e-01 9.999999616438413064e-01 9.999999616438421945e-01
1.856306637658619585e-02 1.062499999999995781e+00 5.624999999993958166e-01
5.278858751192339049e-01 7.640542422847340642e-01 2.917200766565257730e-01
1.506817254570102516e-01 5.280771132617091412e-01 6.858802292521425370e-01
5.117239222156567680e-01 3.585912597580569461e-01 6.648586499770944291e-01
6.949989900336454030e-01 4.104938821440576313e-02 1.319498573883484571e+00
5.033804692149602689e-01 5.856184179149116487e-01 4.211444988260333866e-01
-7.959448557201435903e-02 9.722740412499324414e-01 6.376381196556866193e-01
-6.624876359486615574e-01 8.614808425662504598e-01 9.054566659175006249e-01
-3.773982321377457039e-01 8.245695943431866626e-01 8.274783490570886135e-01
7.309643628644124647e-01 1.410619716621695829e+00 -2.556781927570039858e-02
3.082310842564028874e-01 3.759975389764857456e-01 7.050187210157257134e-01
8.852729596032961057e-01 1.763080630850729857e+00 -6.810105444533620656e-01
2.715041782846951968e-01 2.293713049496435841e-01 1.271504245456399840e+00
5.829818007854948858e-01 1.754402109545763200e-01 9.903715750801905804e-01
2.013398980267867566e-01 6.316787724404949733e-01 5.078644264880460835e-01
5.976571377177140043e-01 1.039604198933843149e+00 1.552964325170901605e-01
7.824740076772412900e-01 -1.830693784292633242e-01 1.534104667007534228e+00
5.088368804186496064e-01 6.417882898032489791e-01 3.758875087430743056e-01
2.040796125440758058e-01 1.204114551148094181e+00 3.005310392303232603e-01
5.608428492763929407e-01 1.075487153535404916e-01 1.183500194171472453e+00
6.320131730788590696e-01 1.145850809219002286e+00 1.154621089357437125e-01
6.632013081833159074e-01 1.472594611918097041e+00 -5.638274883686561489e-02
5.211233570952972238e-01 3.155774306939079787e-01 7.266721086232129645e-01
5.002603790044864995e-01 5.231244369106601289e-01 4.773982833225441369e-01
7.591072435678437591e-01 1.478978967726118254e+00 -1.013691712710494963e-01
2.715341203488995658e-01 2.602766843854507628e-01 1.019539559565344700e+00
5.179735900333563015e-01 7.075803661896536978e-01 3.283697235852839902e-01
8.936980749950728109e-01 1.781051727063891921e+00 -7.218182688641154865e-01
6.575282689722933283e-01 8.809248093638208377e-02 1.218829470230004430e+00
8.101634172330849371e-01 -3.012044210636453667e-01 1.597771978840394125e+00
5.037362542475594118e-01 5.901984436345295570e-01 4.172770108984085735e-01
3.996539146711377000e-01 1.399652120458079185e+00 1.341361625877258712e-01
4.985430800422922526e-01 7.830033254971810464e-02 1.403084055718328615e+00
5.249836964653152860e-01 3.014461936282873955e-01 7.485228401752882510e-01
6.574716553767842031e-01 1.218671848961870641e+00 8.815477632085995385e-02
4.983657868879208253e-01 9.818836863876003740e-01 1.842232191957306198e-01
1.269246576229571266e-01 4.881435213759184877e-01 8.059627256574899423e-01
2.121591701986512146e-01 1.212181824826614296e+00 2.909149937997781987e-01
-3.923150095341659815e-02 1.002805981805680258e+00 6.099449980097660928e-01
5.258095149958263992e-01 2.986059086506014926e-01 7.530157691916459228e-01
5.495547985598736584e-01 2.347276094672643143e-01 8.643762238235863649e-01
3.437424156653766660e-01 1.727616167100160249e-01 1.279050213130998870e+00
-9.999999999999633626e-01 9.999999620591415450e-01 9.999999620591661920e-01
5.523007750334735233e-01 2.288664274302588397e-01 8.757263230691217926e-01
-9.999999999999619194e-01 9.999999613648307140e-01 9.999999613648293817e-01
4.748780068815466882e-01 3.240000831964262584e-01 7.165955763967027936e-01
5.751607512221004193e-01 9.628776586375138447e-01 1.873608841804964564e-01
4.174528739598365457e-03 5.753256038119634042e-01 1.058319898216207866e+00
5.095668561876346425e-01 3.712364526831530842e-01 6.478990913399415019e-01
5.042229255948548206e-01 4.123119796706262163e-01 5.961358202010201834e-01
5.231108034189462241e-01 1.523109573713792519e+00 5.485454284755346410e-02
1.069095544134570502e-01 4.450068723690329131e-01 1.110828439308061633e+00
5.573707944729342501e-01 6.390271286049256649e-02 1.333035171682349418e+00
-5.978700801694850631e-01 8.103848700750209133e-01 1.009957039088713371e+00
5.234255022008156288e-01 3.069689833716757743e-01 7.398847745661505382e-01
-6.877744117267814428e-02 6.256089337233021741e-01 1.043699990333327943e+00
-1.455093679705507514e-02 6.694090067305050740e-01 7.946591936434413972e-01
-3.633637673250587202e-02 1.049180041872524116e+00 6.056460207735512302e-01
7.702457861736611289e-01 1.505427653595420967e+00 -1.381510539190686226e-01
5.011723593308875513e-01 4.527200909863730582e-01 5.496276790143698188e-01
6.657332632723472754e-01 7.889328131975326119e-02 1.241466423549662856e+00
-6.416826347806273700e-01 8.295417522997626802e-01 9.599986460531229060e-01
-2.778852045835517037e-01 7.143959284090849460e-01 1.023956518015284978e+00
7.383744223404347107e-01 1.573642755433792395e+00 -2.224428729589385811e-01
5.000034516949181107e-01 5.031334165711888184e-01 4.968763710574081172e-01
-9.999999999999619194e-01 9.999999613609840132e-01 9.999999613609988902e-01
5.836216450651673382e-01 1.745052121739241457e-01 9.925788999203720708e-01
5.763669496732313213e-01 1.854600641171439412e-01 9.671823373948102986e-01
-6.824318159276121509e-01 8.350837474524140935e-01 1.007425205518539979e+00
-2.349248881206719985e-01 6.993421015107489369e-01 1.026808146382085729e+00
5.003022564812679152e-01 4.756533550023321344e-01 5.249542905086076461e-01
5.518855540571417917e-01 2.941652481428396609e-02 1.551884587574772656e+00
3.366821014499190579e-01 3.251866539281239032e-01 7.678186889245118829e-01
2.303727948380516338e-02 9.252401649961269348e-01 5.776211175183503244e-01
5.345306968595809893e-01 2.717299553791593936e-01 7.973331316579942429e-01
7.444827688753975492e-01 1.443744167877538231e+00 -5.901414385024709996e-02
4.552382695747539398e-01 1.455236526795869123e+00 1.007724189583213137e-01
5.743450944816553827e-01 9.599524723362546919e-01 1.886600612702170054e-01
2.921704455747493601e-01 4.536854424366248417e-01 6.098031576375254614e-01
8.365726456456126781e-02 4.827442804987081559e-01 1.093146423325438210e+00
5.000492197002077699e-01 5.101227380640915854e-01 4.899787073995804376e-01
5.099234715537750429e-01 1.509922263216973537e+00 6.495958029573128956e-02
5.093818118990999233e-01 3.723952439735693787e-01 6.463703342302583588e-01
5.035736163637301033e-01 4.190216186276029542e-01 5.881275877039287003e-01
5.195635586630906744e-01 3.217515709709458660e-01 7.173784654471204725e-01
5.176978534745361182e-01 7.058450149196529022e-01 3.295536920681385040e-01
3.547577044855148021e-01 1.329912760677251837e+00 1.635084017040988325e-01
4.838104715918388754e-01 1.483808946528215378e+00 8.296530482349527558e-02
-9.999999999999776845e-01 9.999999705650604032e-01 9.999999702476951580e-01
1.585719793689940593e-01 3.616155827938704603e-01 1.158924032168209273e+00
-4.407582557715699068e-01 1.015685472137646483e+00 7.651999877711056497e-01
5.007487517512042574e-01 4.620136929019632577e-01 5.394868286944568547e-01
5.426183222190191779e-01 8.345758737411969053e-01 2.506591527727592417e-01
