5.476392907639071606e-01 8.563233136219962072e-01 2.389543316811430507e-01
3.347284683176437459e-01 1.334724301925269918e+00 1.774749221779464148e-01
1.341817045056145907e-01 3.995799152591066883e-01 1.135329891856707185e+00
6.650152759078842291e-01 1.239504073600792733e+00 7.971277997377214375e-02
2.695969439630753750e-01 7.265035659197442985e-01 3.844760674173833270e-01
5.050068023587128696e-01 4.049176533467832018e-01 6.051006532478460098e-01
5.000916019660526235e-01 5.138016770370776864e-01 4.863862246906022202e-01
-2.216545707616309618e-02 1.052021268954204780e+00 5.958521550616958651e-01
5.017053273637931410e-01 5.601480711577246918e-01 4.432672123832032685e-01
-1.375579068719288145e-01 6.602879521687374798e-01 1.035124595206681652e+00
3.187740837065053401e-01 1.910089768000077792e-01 1.260444463740624910e+00
5.033433821127890617e-01 4.215446256811028469e-01 5.851467906613713188e-01
-4.340210428749775862e-02 1.047875160425464580e+00 6.102617028208779937e-01
1.199727079944907654e-01 4.230689572198296222e-01 1.122190662729706023e+00
8.835248957905812717e-02 6.148553610023906879e-01 7.042957955228573708e-01
8.055757493801848357e-01 1.805575382109377180e+00 -5.811069078902576512e-01
2.908042113525374783e-01 7.799070167624788663e-01 3.409613299125081598e-01
-1.000000000000000000e+00 1.000000000000000000e+00 9.999999999999993339e-01
5.750299438887229719e-01 1.575028286672496947e+00 4.523102853831756365e-03
1.703552064672780308e-01 1.170549512015782723e+00 3.445915315826046377e-01
-8.036403041331445507e-02 6.320716350137091100e-01 1.042011573318571305e+00
5.898237234948268126e-01 1.657225919310717221e-01 1.013681695890666923e+00
4.376658569044533098e-01 1.437661772685160599e+00 1.112825539834460947e-01
6.390526455497577141e-01 1.166417220155474332e+00 1.079383833338232734e-01
3.400756629189344293e-01 3.536399873520226778e-01 7.177836227845407757e-01
5.215885198876279993e-01 3.137886467048485728e-01 7.293928895467632900e-01
7.808130012903975459e-01 1.530231471606916305e+00 -1.766942432458872281e-01
6.896758631371931181e-02 1.083976401311488980e+00 5.043965080954010416e-01
-8.963104393820128801e-03 5.859858336575080040e-01 1.054989833879704131e+00
1.131060670720346328e-01 1.116112926943890971e+00 4.345998526603253032e-01
-4.838450182649667863e-01 1.013950513392234187e+00 7.777201599908563079e-01
5.173059876372207988e-01 3.312527971641914259e-01 7.033637710169150514e-01
1.084211378196021924e-01 4.807640755873912042e-01 8.889049485183129207e-01
6.394119826587161270e-01 -8.953026115349467517e-02 1.595148628596636975e+00
1.938286629034457753e-01 3.132306375179125246e-01 1.193886527709217216e+00
-3.582673477962480257e-01 8.849655800880040779e-01 7.749459316406934750e-01
5.764079691072955258e-01 9.673351294052380256e-01 1.853928356084664220e-01
6.532501802641871302e-01 1.206881646149708942e+00 9.275751353537210753e-02
5.858796892604390960e-01 1.000328340704482066e+00 1.712475473403965165e-01
-6.403043278597422283e-01 1.008647325115299864e+00 8.226595062036141659e-01
7.495153654171935464e-01 1.455938398758182650e+00 -7.284426544914615609e-02
5.067803695032566669e-01 3.903093851069719400e-01 6.232567272129535541e-01
7.903176358302841376e-01 -2.143221147077871425e-01 1.552313866751509952e+00
6.312736543701991110e-01 -3.173538383432859822e-02 1.473523346323666772e+00
5.453928068404607643e-01 8.467107995573788237e-01 2.440751207519777088e-01
-1.409234438219508778e-01 6.617953790659854008e-01 1.034777960112809980e+00
-9.440846949987183878e-01 9.339874106345381621e-01 1.001126701642081063e+00
6.998201525424549430e-02 1.084558883392517048e+00 5.029709633310135430e-01
-8.105256727080187296e-02 6.324462813542761630e-01 1.041915048122146192e+00
5.613063803759189563e-01 9.114785743751498970e-01 2.111139561000400788e-01
4.645879015276964674e-01 1.397180817637267980e+00 9.725445381585047511e-02
6.416775663558562659e-01 1.173996242772720411e+00 1.051453470085406405e-01
6.595719974294129706e-01 1.659571076208826046e+00 -1.359705743995439364e-01
5.796661355284284944e-01 1.259257451668398753e+00 8.049645020663154238e-02
5.364347915729071881e-01 8.063894350315721216e-01 2.664831803394127063e-01
-7.556087689563453780e-02 6.294294795174422141e-01 1.042696151449379105e+00
5.928669667430349621e-01 1.023845073383622850e+00 1.615894436967526826e-01
5.126186345174411629e-01 3.537421784456373786e-01 6.715003634642491281e-01
6.886948021432298672e-01 5.010698389671085218e-02 1.303019636009737692e+00
5.221634086727583446e-01 7.327163828219008801e-01 3.116150030221676026e-01
3.514539979206617870e-01 5.714117052442485578e-01 4.585094146525577896e-01
-5.890768843153156853e-01 1.010238669158581848e+00 8.078602811948353279e-01
8.746022179692497511e-01 1.740168801378386032e+00 -6.274385452268496088e-01
-3.092282274865528202e-01 7.248168902761650267e-01 1.022092342159804046e+00
8.191070971030044445e-01 -3.435601661771830462e-01 1.617991163420922085e+00
3.717258700271618421e-01 1.138014287667365121e+00 1.747869718211415013e-01
5.079425841519351614e-01 6.641018807906054477e-02 1.507939632998000379e+00
2.391559435707104608e-01 1.239158459408255863e+00 2.610756509819533999e-01
6.870489696219956866e-01 5.237465297818968968e-02 1.298688971027105232e+00
-2.444049525383408805e-01 7.027520028346886383e-01 1.026144850545821052e+00
5.672082421762351112e-01 1.567206396437754723e+00 1.345116299318173392e-02
6.859093082258433949e-01 -1.990739292268419725e-01 1.685908739394752942e+00
5.390022090219637185e-01 2.597011351428770709e-01 8.183056930495958836e-01
9.041222125389317688e-01 -8.483915188031815324e-01 1.849060830119377385e+00
5.101408037014342201e-01 6.525756654704706339e-01 3.677112556933799792e-01
5.588502322408152034e-01 9.019365634780917018e-01 2.157490475911948979e-01
8.327105791447299010e-01 1.648445392233506723e+00 -4.109311420058456288e-01
4.352671071332762098e-01 1.127092568258405286e-01 1.435263031046542626e+00
5.803198948404980628e-01 9.662849387355870734e-02 1.209512392434506811e+00
-3.939253307183814279e-01 9.327641276319130759e-01 7.652055739333488704e-01
-2.982183458460472281e-01 1.022728533498451498e+00 7.212032074844116902e-01
6.712039050115685690e-01 7.250901915269608589e-02 1.256365617890863984e+00
-9.847490456507399514e-01 9.655880540343766416e-01 1.000301069740518800e+00
-3.277207347540219695e-01 7.498726733821819979e-01 9.175389565281363291e-01
5.867209415323764166e-01 1.003194305428481314e+00 1.700524452258833641e-01
-1.787526626162223298e-01 9.060001913591676503e-01 7.007847193722256396e-01
1.064271738600940792e-01 1.110424413208830785e+00 4.458148012656751868e-01
5.992052944041593721e-01 1.044649259447197220e+00 1.533099567889945336e-01
6.444010655125139708e-01 1.181811599646866551e+00 1.022465319769444575e-01
5.141036490169818007e-01 3.461417161825914857e-01 6.820702418432396108e-01
7.531907754925512011e-01 -3.900803088095630144e-01 1.712809045449307899e+00
-6.695904837685110467e-01 8.312636018914031366e-01 1.007789853366135135e+00
6.382591803658511642e-01 1.087832132484931463e-01 1.164117033538573764e+00
7.673592911271053252e-01 1.498605446224862359e+00 -1.282407785837662295e-01
5.072580838371343326e-01 3.867580722262386472e-01 6.277627351943984024e-01
3.279724891225366812e-01 1.029505088654009359e+00 2.221513447396369634e-01
5.032019367737685656e-01 4.231506527279974006e-01 5.832579317790423934e-01
5.474638522084768200e-01 2.393478916722307503e-01 8.555790028585972262e-01
9.348714211544638664e-01 1.867471834413028997e+00 -8.903719451132875440e-01
2.169150069208574394e-01 2.854093371479132224e-01 1.216930662746988245e+00
6.468947230686974414e-01 1.188925363209495156e+00 9.958715038881163495e-02
-8.202455055274950890e-01 1.003868543749507847e+00 8.794676653980201264e-01
-1.000000000000000000e+00 1.000000000000000000e+00 1.000000000000000000e+00
-2.793558630618816485e-01 7.148944827941163815e-01 1.023864798033782719e+00
3.582979810960233991e-01 1.358293677760761708e+00 1.608211217235265555e-01
7.144365913572023885e-01 8.635869423474294704e-03 1.369324739578043904e+00
6.903711464510965401e-01 4.775720060682447921e-02 1.307418705097448619e+00
5.042910730248029161e-01 4.116282754276101019e-01 5.969585510876312950e-01
-2.070518210992588759e-01 6.889785399017746004e-01 1.028882783495908226e+00
6.503089055707932387e-01 1.650307985185043513e+00 -1.160782779576598756e-01
5.550981336067342120e-01 2.231199731346776016e-01 8.870676304215414643e-01
5.054099665202446134e-01 4.013709337939465049e-01 6.094536704055660836e-01
-2.846861837069745160e-01 1.023537537760523808e+00 7.166931305835692045e-01
5.023786317120444433e-01 7.040129748890319727e-02 1.502374814066001374e+00
-1.606761628270141906e-01 8.835296547899507136e-01 7.025550455348469336e-01
-6.489913272264530297e-01 8.251978418141672211e-01 1.008389236997749849e+00
-4.785741371122757548e-01 1.014155103556548809e+00 7.761989251011500723e-01
6.956206416570427375e-01 -2.247517301561517966e-01 1.695619958572613495e+00
2.946006856754727621e-01 8.995699445160197927e-01 2.834847948093361936e-01
-4.361599505466259852e-01 7.900577812372703290e-01 9.039722148291485793e-01
5.637882832653318133e-01 2.065718514232177394e-01 9.209778400652481878e-01
7.033919292851446015e-01 2.795732503055160106e-02 1.341191812930763616e+00
1.105026971108630934e-02 5.693601554808961351e-01 1.060239099930379236e+00
7.604485262766664810e-01 -1.055906724289487897e-01 1.482182296538984811e+00
5.747724936086819891e-01 4.825956019584930201e-03 1.574770825707451305e+00
5.682003778397113347e-01 1.545284645049608413e-02 1.515424371529576764e+00
-2.556136528442823908e-01 1.025386870636403769e+00 7.067162739597044885e-01
1.174198894870547849e-01 4.445915342447823160e-01 9.663372235964536872e-01
6.054197983770724933e-01 1.064601689879109525e+00 1.455763140525545563e-01
3.198827395278285857e-01 1.917948242292419614e-01 1.235605546454372039e+00
4.358944152233240055e-01 1.116121745368591434e+00 1.543169945393653708e-01
2.376902636996443552e-01 2.626112646088411551e-01 1.237693228670917911e+00
7.558408608535547302e-01 -2.702718808407828521e-01 1.595844774696677515e+00
5.582572238968365186e-01 8.996101915516891978e-01 2.168902812716969886e-01
5.785250343112124938e-01 9.748306515752831469e-01 1.821147837037930817e-01
5.120364800272309003e-01 6.672085846357153072e-01 3.568690512851950269e-01
5.022155788299571544e-01 4.356160080033105175e-01 5.688198044802145192e-01
-1.325193587002266860e-01 8.555948796793594324e-01 7.036933075956537387e-01
3.748908738703867205e-01 2.775591694406900345e-01 8.313573488365471054e-01
6.628585537597520005e-01 -1.433162519404689861e-01 1.662857671659530689e+00
5.846707788914813353e-01 9.961921596041747318e-01 1.729814980688200998e-01
5.183056370441846417e-01 3.269548558197718502e-01 7.096610589801131130e-01
5.242705657605565284e-01 7.446041444442511592e-01 3.039414513142921770e-01
-7.483525781616722217e-01 8.553507229355929997e-01 1.005646780576795907e+00
2.437798775697060660e-01 2.562905458528756397e-01 1.243781019454285097e+00
5.258383223052847111e-01 2.985050700544750191e-01 7.531759210636683743e-01
7.672934237062525309e-01 1.751278034209969414e+00 -4.461445135409389251e-01
5.171204404315866698e-01 7.021785731625508342e-01 3.320669983507373857e-01
7.578047777759698844e-01 1.475866167559399145e+00 -9.732761212310303556e-02
5.567668890021733041e-01 8.937257294762105397e-01 2.197967868990405305e-01
5.156116443840952357e-01 6.923283234811529185e-01 3.388995920958819963e-01
-2.042257694670986390e-01 6.923890464452715499e-01 9.739214563444418271e-01
8.956690931664201827e-02 1.097281745740128489e+00 4.734748896141268704e-01
7.049571786542961904e-01 -2.506153000395398012e-01 1.704956537499929592e+00
8.061657212068138456e-01 1.588682940969917690e+00 -2.828698759410102070e-01
5.099234307839990432e-01 6.508213386602391681e-01 3.690302102897649594e-01
1.455805248584241540e-01 9.889511797003909255e-01 3.977500638965456026e-01
7.764323582419341285e-01 -1.602892850096461208e-01 1.519982537564111391e+00
5.231427276491791289e-01 5.482905490684476801e-02 1.523140133204851310e+00
5.058845072858331182e-01 3.973773917798266164e-01 6.143969811667906455e-01
5.007111298532296306e-01 4.629384509925447699e-01 5.384885014501012979e-01
5.321031373100416628e-01 7.855044043702217316e-01 2.787057123321700636e-01
5.001514314068183920e-01 4.826155797468480446e-01 5.176920091951078273e-01
6.899723941716241482e-01 4.831998485960308648e-02 1.306373204839036850e+00
8.449236616170403835e-02 4.814519537795998172e-01 1.093715485435290180e+00
6.106088483292720914e-01 1.393679596243042051e-01 1.080955801766390501e+00
4.857675239022839486e-01 1.671718307429586048e-01 1.033013273684907363e+00
7.123908557224386540e-01 1.712390249641739359e+00 -2.720007238691477536e-01
8.655471961913945300e-01 1.720588446728472887e+00 -5.808546725362975227e-01
6.604828709013452759e-01 1.660482005576737752e+00 -1.379912998998137907e-01
5.449748689816159564e-01 2.450476475648387387e-01 8.449026563007984159e-01
1.983786179741007516e-01 3.481561895570439158e-01 9.324403692478619998e-01
7.312844713798748453e-01 1.603766350237208371e+00 -2.503364407347970499e-01
-3.401248432225485452e-01 7.347207556599781864e-01 1.020402743197694306e+00
5.138954543815671405e-01 3.471776443621889530e-01 6.806179275139511153e-01
7.658585571468112807e-01 -4.430056650056846679e-01 1.765858341435844414e+00
2.455607790442047161e-02 1.064435097692780552e+00 5.567478365064896240e-01
5.139294269605340082e-01 3.470080433690211352e-01 6.808554444006182926e-01
6.998410422804838271e-01 3.364984695918470797e-02 1.332049042064960442e+00
8.029644435207846653e-01 -2.684748474123777040e-01 1.581379923919376651e+00
4.845997923825779430e-01 1.136062639676711727e+00 1.355904564603441775e-01
8.745114308042981621e-01 1.739973127740507941e+00 -6.269756838376555619e-01
6.402896410105185510e-01 1.169994511543288596e+00 1.066220025336917787e-01
7.496024209918448200e-01 -7.309031533774432154e-02 1.456148702364931324e+00
-2.630905266868198700e-01 8.248733864694957063e-01 7.808112320917132143e-01
3.415944397043388370e-02 9.708886744361865384e-01 5.560590402541562005e-01
4.675851953371779612e-01 5.568237267726728890e-01 4.473625092867280495e-01
5.728469770346067413e-01 1.910727429397917898e-01 9.545564052589643467e-01
1.013557196971163893e-01 7.478030749084002560e-01 5.616602894436886206e-01
6.259790727104685981e-01 2.794863611680993565e-02 1.363094274691990959e+00
3.362237786123160599e-01 4.955574339845897902e-01 5.373650629801668410e-01
6.039401108959405740e-01 1.603938727091536176e+00 -3.378873371287776511e-02
6.201992916579397441e-01 1.283802229496419922e-01 1.110512332595304574e+00
6.281571831608905310e-01 1.196230826041018991e-01 1.134440375926855760e+00
7.035182836914473103e-01 -2.465559576267021269e-01 1.703517636217713793e+00
-1.067048836169524201e-01 6.457399310312675889e-01 1.038579627191666521e+00
2.697749678459381850e-01 1.269772765873201870e+00 2.309667179159569372e-01
-2.955694630282498792e-01 1.022884478778190109e+00 7.203264974930675413e-01
-4.947153989503046412e-01 1.013534865560365761e+00 7.808504252561361270e-01
7.265623302671841977e-02 1.086130876042602500e+00 4.991618413935559606e-01
6.429453360144106178e-01 1.177640239732182792e+00 1.037964033276329995e-01
5.002651742593141604e-01 4.771359122101392347e-01 5.233991597652425387e-01
5.072591298314981234e-01 3.867501039003958252e-01 6.277728871350855000e-01
4.999982447318647716e-01 4.989099302416635795e-01 5.010912592851399783e-01
5.144945496575971111e-01 3.442212173079617354e-01 6.847725451997298540e-01
1.398692334295342787e-02 5.667290426559695726e-01 1.058651334705234870e+00
4.817867645192474568e-01 8.427638569994720663e-02 1.481783263481766033e+00
5.019472406550725685e-01 4.395061669937540549e-01 5.643930138360246929e-01
7.019304500650408452e-01 3.032881509117414665e-02 1.337434751804577715e+00
6.258479744809259948e-01 1.625846861234814256e+00 -6.919629007656497022e-02
5.021285175874725670e-01 5.674126982645294470e-01 4.368490199184583700e-01
4.514163062694228623e-01 1.274292991842069511e-01 1.212869849884022244e+00
5.037551184958763972e-01 5.904504247220400126e-01 4.170651846955730768e-01
1.240875637641014051e-01 4.161971443643119883e-01 1.125926965975272420e+00
3.596202250278945911e-01 1.599220998578876340e-01 1.359615938520223555e+00
-3.833388601996515904e-02 6.069678088098976465e-01 1.048803411293391274e+00
1.710982639148178885e-01 1.099872465341037664e+00 3.466340428000752039e-01
5.444042508154297577e-01 8.424234775313304002e-01 2.463859207197442724e-01
6.965037774268824367e-02 1.066857184146194903e+00 5.037022323533939527e-01
-8.826509397766360565e-02 1.040927172007978019e+00 6.363113851018966649e-01
-7.687685687779013954e-02 6.301584414449831195e-01 1.042506592555638045e+00
7.193708477111401267e-01 -8.658922466904042659e-04 1.381749564221079751e+00
5.270663664711818797e-01 2.943937947703208491e-01 7.597432305010199949e-01
5.112573984459370946e-01 6.613271061837068254e-01 3.611929980399437023e-01
6.311911911424373800e-01 -7.875324100935998661e-02 1.631190131032264734e+00
6.346096446989638595e-01 3.377874081263081835e-02 1.346196716941074012e+00
-4.699197243247012906e-02 6.187179585729040143e-01 9.742423999236979881e-01
2.907684215424835572e-01 1.290764799149749731e+00 2.122845324871774908e-01
-5.504174224704190266e-01 1.011526345584625286e+00 7.967988918750898986e-01
-2.203504464832049259e-01 1.027867748101569001e+00 6.939895153824341412e-01
-4.498105749936049946e-01 1.015308732887041598e+00 7.678484517870266535e-01
5.018286577644804902e-01 5.623457390274263501e-01 4.413162924361215267e-01
6.418276529397189956e-01 1.049857033511693294e-01 1.174428106008275297e+00
8.219511106036043735e-01 1.821950774296486442e+00 -6.378736638347434207e-01
5.287326998215551299e-01 2.890052407080352381e-01 7.684643651864841996e-01
5.317286791096662579e-01 7.836478233884824895e-01 2.798134059479227553e-01
5.459918009585534859e-01 8.492912526015330421e-01 2.426923172102955217e-01
9.351991209849058739e-02 4.671271986355327588e-01 1.100190135585711548e+00
5.548096909225035400e-01 2.237017757570236576e-01 8.859095439526182281e-01
5.242177542269641499e-01 3.041285211280303491e-01 7.443114217688185930e-01
9.058559408407643176e-02 4.718495106108719361e-01 1.098020264959095549e+00
7.021901963621990372e-01 -2.428327082022393446e-01 1.702189500212193174e+00
7.960576430810565318e-01 -3.693472772502625068e-01 1.634761284984953100e+00
5.293388369595913856e-01 7.715856119868438334e-01 2.870961687640503079e-01
7.364898896973649522e-01 -1.168122669922154327e-01 1.493552595304333597e+00
9.261386528399748741e-01 1.849327710382060896e+00 -8.599135408299753980e-01
5.559590576518788074e-01 8.905122089142278874e-01 2.213961094368837312e-01
-5.638694558498187348e-01 8.006434202997478877e-01 1.011069143362766098e+00
5.005056297361718531e-01 4.686332894365110580e-01 5.323827075759485217e-01
5.939495767106262036e-01 1.027432361609227129e+00 1.601448618573528826e-01
6.336746515626682230e-01 1.150740907402830970e+00 1.136777580380714109e-01
7.573631346080862414e-01 -9.596880288623085842e-02 1.474809195509813042e+00
-1.646056947340067689e-01 6.720261956221279531e-01 1.032480925151733508e+00
4.014320442201153583e-01 1.863198492180943855e-01 1.041642934607384330e+00
-4.743859274800917292e-01 7.749883943951039189e-01 1.014319003027812860e+00
5.961064392396502321e-01 1.034536966688476944e+00 1.573050959942799698e-01
7.056351322872378429e-01 1.346942345360850890e+00 2.423716391205467391e-02
6.400141180366241134e-01 1.069151575316329289e-01 1.169198618986629468e+00
5.326762389358199457e-01 2.770271896036582415e-01 7.883289789811216419e-01
9.579271312435116981e-02 1.101912348516259410e+00 4.634317283061452630e-01
5.013411683678538067e-01 4.495069608837463093e-01 5.531800671807499681e-01
5.603376702680424870e-01 2.129249149299437260e-01 9.077324442677494609e-01
8.341880983199522204e-01 -4.184191122931986695e-01 1.651731790231412145e+00
-1.181126179696508072e-01 6.512823526562233623e-01 1.037239689011560051e+00
8.805762297118435722e-01 1.753017358557449334e+00 -6.576526806788750568e-01
6.732919181105067041e-01 1.262010965966368303e+00 7.000756004561073387e-02
1.202881586350727644e-01 1.122474819907189891e+00 4.225407633501823690e-01
5.208746109266417790e-01 3.165390985595176732e-01 7.252146712384375249e-01
-2.093276911758330805e-01 9.034269773266162540e-01 7.138542178761884127e-01
6.259005031735276336e-01 1.018772016408034803e-01 1.183605610071588821e+00
3.713409568476861988e-01 1.755700623489567791e-01 1.134991014040501733e+00
7.845817088571263032e-01 -1.912850239137182107e-01 1.539012310770175640e+00
5.550957079965371799e-01 8.870586065752642524e-01 2.231245022121030874e-01
5.315882625669643424e-01 7.829493881937992228e-01 2.802310221522124611e-01
5.160890457965950917e-01 6.954870247053824839e-01 3.366957181224795037e-01
8.046511771634543564e-01 -2.760267865557839428e-01 1.585230549578775738e+00
5.814035264272375825e-01 1.777686920044008745e-01 9.849070653491573957e-01
-7.594730050672707788e-01 8.589118397578276998e-01 1.005361431752849644e+00
-2.440383385889995371e-01 7.026211309820721285e-01 1.026170078728565027e+00
7.555111151672911918e-01 -9.033789048545130818e-02 1.470371208516593864e+00
-1.464899065386808807e-01 6.642579559523638100e-01 1.034216267481192997e+00
-9.320128739659696571e-01 9.271192993585167796e-01 1.001378362741753847e+00
5.335000011198421932e-01 7.923550826690630711e-01 2.746485603217631577e-01
2.329515471382902492e-01 7.438522566596931229e-01 4.007256558743466646e-01
8.941142434466644584e-01 -8.593834643488034164e-01 1.893774442585189455e+00
5.000039845996160359e-01 4.964470000655189508e-01 5.035656687728181646e-01
4.721518452760387063e-01 1.333227802478066382e-01 1.156947577908749247e+00
-3.573617129766958334e-01 7.801388612010731194e-01 8.754163657286249123e-01
5.706308454626569659e-01 1.947191800914913340e-01 9.464892961193618337e-01
5.536080511521266345e-01 2.261511538350868544e-01 8.810584455877676913e-01
2.458248266471963206e-01 9.285155034258332218e-01 3.063455335154973702e-01
1.154245156644225917e-01 4.307018491483028955e-01 1.118141067483291451e+00
-9.999999999999837907e-01 9.999999747713443909e-01 9.999999748990402448e-01
7.692303636240509501e-01 1.503030772029189110e+00 -1.346354328107537413e-01
-2.987232926525114629e-01 1.022698844312972533e+00 7.213700033288181768e-01
-1.634321542924454529e-01 1.032589285526102740e+00 6.715337141965367351e-01
9.289614911384663776e-01 -8.701156336506241651e-01 1.855203194305549363e+00
4.603901106114838271e-02 1.072578665388107755e+00 5.337644785681188164e-01
-1.802820564625329525e-01 1.031082184539260371e+00 6.784739890651975136e-01
3.527221435929329685e-01 1.352717895838812856e+00 1.646514348052187660e-01
5.580993465796357800e-01 8.989896098485056219e-01 2.171954630851782864e-01
7.335286226879470517e-01 -3.151301786805327243e-02 1.416946850671773950e+00
5.022863117994446069e-01 4.346326128698914659e-01 5.699447289342385314e-01
-1.597214049260491098e-01 6.699670233636055849e-01 1.032935541916029321e+00
2.421738482564691486e-01 2.579424133764974814e-01 1.242175447769884755e+00
4.941697587500124000e-01 1.408553361410297189e+00 8.018002489335909755e-02
7.099418637361590845e-01 1.357929953981100724e+00 1.680988964197994290e-02
8.960146318035098201e-01 1.785975430801396868e+00 -7.327537780056659900e-01
5.845033552250104014e-01 1.584501778258832649e+00 -7.068034496298447600e-03
5.210797223255670962e-01 3.157427999693814824e-01 7.264212242633619754e-01
7.732774419094129437e-01 1.512572450289316528e+00 -1.488486386842983733e-01
5.688882896297946523e-01 1.976497763471826985e-01 9.400816634012474360e-01
2.877219248310731170e-01 1.160823749835728336e+00 2.224440583417937045e-01
5.734111739266960495e-01 1.901584530436056242e-01 9.565957350247703550e-01
7.546625705232303805e-01 1.468334562161941692e+00 -8.779382058539642042e-02
6.389045639750445815e-01 1.165988285870665386e+00 1.080960151672695213e-01
9.652298408142193087e-02 6.985136314288572512e-01 6.057678534504266077e-01
5.002070355246748257e-01 4.797462748553511513e-01 5.206724633320471973e-01
6.377141503989471882e-01 1.162534443164473297e+00 1.093638274329827575e-01
5.795438825793793880e-01 1.805621602401502046e-01 9.784121282372468809e-01
9.048242202020703173e-01 1.804629372872333271e+00 -7.730212561818630146e-01
6.840785376874214396e-01 1.684077861494985839e+00 -1.943763513833050016e-01
2.836117742062292391e-01 2.263434824036575366e-01 1.154547110993023873e+00
4.313125505824587369e-02 1.071351108541698682e+00 5.371129519420851928e-01
5.189454987026037580e-01 1.518942767284045203e+00 5.813559283283636914e-02
4.012972843323820982e-01 1.401293025624391397e+00 1.331263295550080827e-01
5.589748951699637924e-01 1.361712087364929769e+00 5.520517235030145131e-02
-9.492002306937428191e-01 1.001021166101754289e+00 9.371086195018025755e-01
8.297076307310525811e-01 -3.958011668277799933e-01 1.641752425101095092e+00
5.011630435133057615e-01 5.494435020120538304e-01 4.528872741247670364e-01
5.387442963055923961e-01 2.603682524705814294e-01 8.171228243385202372e-01
-2.930219547371464284e-01 7.194805779934462242e-01 1.023035648088876037e+00
7.285364090658127401e-01 1.404610528720480200e+00 -2.010480224738393773e-02
8.148988254346040128e-01 -3.234136568122424893e-01 1.608497885505121960e+00
4.924332287496452354e-01 1.073438072884230099e+00 1.524878015886616534e-01
6.750414723342634815e-01 6.788044199205198193e-02 1.266724797486799226e+00
7.404484991573626607e-01 1.433918037132511092e+00 -4.848034304678322526e-02
-3.920443080265925695e-02 1.048641453001983637e+00 6.075396238635989432e-01
5.133166315305009997e-01 3.501076356563855851e-01 6.765302692239305582e-01
4.622429249315425648e-01 1.462239070888053938e+00 9.651996611880953036e-02
7.468617037920777246e-01 -6.545646451249732822e-02 1.449518228752140647e+00
1.411021110508385024e-01 3.884578596901548941e-01 1.141926699678976309e+00
5.712858690109098303e-01 9.488833811132099116e-01 1.936320405184045468e-01
6.468014698107927840e-01 -1.088569997398463329e-01 1.646800461255104597e+00
6.324856441587773936e-01 1.147247224408680433e+00 1.149527237919311107e-01
6.099631869420102381e-01 1.078935132147775811e+00 1.401293563646579254e-01
-6.468341088998655897e-01 8.245665077193776726e-01 1.008453026172820177e+00
7.887580458785713455e-01 1.553880807323876123e+00 -2.170716070038412049e-01
4.630113327057000516e-01 2.052483893175616469e-01 9.432369587474159767e-01
5.666339621502367585e-01 9.317037244335282242e-01 2.015280933470380842e-01
6.813591654762611860e-01 5.993539687465904847e-02 1.283624937783794939e+00
5.564168254041338413e-01 2.204878016621994175e-01 8.923351596657915774e-01
6.298049849802376254e-01 1.139332425733263543e+00 1.178390806059036872e-01
9.902711372401852563e-02 4.581234216479835308e-01 1.104424101233099753e+00
5.991176131685862494e-01 1.534221732228276958e-01 1.044363373626501001e+00
6.833998367516773698e-01 5.727132469201900999e-02 1.289044339567563924e+00
5.105935719339430579e-01 6.561703272171323098e-01 3.650215603303000322e-01
8.083232772394497445e-01 1.593592800903871787e+00 -2.927174325456133874e-01
2.221299368677100705e-01 4.443840306854072164e-01 6.895402757461900345e-01
6.219580774381326949e-01 1.115845333479338786e+00 1.264212741769729920e-01
2.881456025610415472e-01 1.288142540181759221e+00 2.145392947138798634e-01
2.880622084165130325e-01 6.359090885604637977e-01 4.354511054662249525e-01
3.368701858355927503e-01 2.085307794870992215e-01 1.064110651861814638e+00
3.681348574886841862e-01 1.115913888369119089e+00 1.810373111074346508e-01
-3.520937832692527247e-01 1.019782892918573047e+00 7.384739418745643880e-01
-6.580241299837252811e-01 1.008124259498876851e+00 8.278490601362283874e-01
-1.360314088779194241e-01 1.035283586072935691e+00 6.595994960849247413e-01
8.052981089608891585e-01 -2.789419458954443543e-01 1.586705452488502033e+00
-3.382894470638055373e-01 7.341413611845083453e-01 1.020499445934439642e+00
2.420537288824465560e-01 2.580663924054933389e-01 1.242055786606458545e+00
7.621723286069904679e-01 -1.110979213905295138e-01 1.486290525296337428e+00
6.182170882805566592e-01 1.618215897144909654e+00 -5.618708903803879690e-02
5.068796435549579593e-01 3.895621434021125928e-01 6.242017941477976395e-01
5.001234824004905377e-01 4.842610624078000914e-01 5.159906289082255570e-01
6.080717473857331079e-01 -8.982534710680167844e-03 1.465893416045845221e+00
8.640898198201771852e-01 1.717424947026417348e+00 -5.732956454506507038e-01
5.695026028754418546e-01 1.472322408186646170e+00 2.116828749752632660e-02
6.455657569697825782e-01 -1.063532501715377110e-01 1.645564706479974326e+00
-7.819043418953404156e-01 8.730823224538397653e-01 9.618636413904519955e-01
-6.534326910965111423e-01 8.303801352619362142e-01 9.709026830571230171e-01
2.517005583876064795e-02 6.443232420606257449e-01 7.784560841481928950e-01
5.442597970106219929e-01 2.467266789317960896e-01 8.417938664381163782e-01
5.066644022243436130e-01 3.911935776072025250e-01 6.221405441699036087e-01
-5.379119129889496920e-01 7.932254427320388768e-01 1.011960620491423546e+00
5.210729785486928334e-01 3.157690888501300530e-01 7.263813510242096427e-01
5.885428327225622480e-01 1.674952733157367979e-01 1.009368324213725021e+00
5.039828413609720448e-01 4.147052038068835267e-01 5.932657634924983769e-01
6.425510273754149182e-01 1.443510450219184005e+00 -2.336666304589386789e-02
-2.652375388736470385e-01 1.024756796064606013e+00 7.100655264186706006e-01
6.001708385335108309e-01 1.047775734021223482e+00 1.520854445783995645e-01
-3.050925389859323600e-01 7.837543448859611850e-01 8.423247729128294781e-01
-4.373518683748709446e-01 1.015828461992801302e+00 7.642004337033506678e-01
-1.323168360088067264e-01 6.579115651533758991e-01 1.035675263764420651e+00
9.689118675586529117e-02 4.962073310159895168e-01 8.950704085645473373e-01
7.454239560799750253e-01 1.639043588143663799e+00 -3.118392985362720693e-01
-8.310776815046362342e-01 8.833830716040481645e-01 1.003613469979171002e+00
5.031724296314105116e-01 4.234909261647338830e-01 5.828585858948873710e-01
7.026105095729984207e-01 1.339183946060748642e+00 2.923040509222041977e-02
6.325106190856342181e-01 1.149258889206756229e-01 1.147320780922427508e+00
-1.578509106134021733e-01 7.422821954760743246e-01 8.143195664297526726e-01
3.356965326344669986e-02 5.475819805386451522e-01 1.067604256729957735e+00
5.103239246133833840e-01 3.666146349892949186e-01 6.540384673573566010e-01
6.648758370543648155e-01 1.664875029232439019e+00 -1.478999041315208762e-01
1.509711393906165711e-02 1.061433683947671680e+00 5.657113801333868430e-01
4.140278262852671864e-01 1.253923356764901076e-01 1.414023570049432799e+00
3.859584460700452579e-01 1.506489931641979141e-01 1.247636907230190495e+00
-9.999999999999851230e-01 9.999999759251232412e-01 9.999999759251232412e-01
-5.273327543769967818e-01 1.012334906459906536e+00 7.902009452600984307e-01
5.278850540047015372e-01 7.640542422863024763e-01 2.917200766581157234e-01
1.506832281798706485e-01 5.280758867083330532e-01 6.858790026987471311e-01
5.117222855612399979e-01 3.585912597610957375e-01 6.648586499801426575e-01
6.949980171016144626e-01 4.104938821634078472e-02 1.319498573885411474e+00
5.033791113279221241e-01 5.856184179171766147e-01 4.211444988282994073e-01
-7.959238049950939642e-02 9.722730856867012328e-01 6.376371640924543005e-01
-6.624858007583441788e-01 8.614804688520935061e-01 9.054562922031980099e-01
-3.773961107258676506e-01 8.245691664550586220e-01 8.274779211689743397e-01
7.309641685368788444e-01 1.410619716623112030e+00 -2.556781927600778465e-02
3.082332173811893061e-01 3.759968936048836974e-01 7.050180756441274399e-01
8.852727849271607719e-01 1.763080630851108666e+00 -6.810105444529779284e-01
2.715060249238079315e-01 2.293696068310992486e-01 1.271503221122460836e+00
5.829799368735381071e-01 1.754402109581953417e-01 9.903715750838407716e-01
2.013415931822155058e-01 6.316777858302607962e-01 5.078634398778150150e-01
5.976552838040087856e-01 1.039604198937498225e+00 1.552964325207456808e-01
7.824735938187433737e-01 -1.830693784283775327e-01 1.534104667008291845e+00
5.088352169600570685e-01 6.417882898063422825e-01 3.758875087461513997e-01
2.040811580774631873e-01 1.204114784758755219e+00 3.005291673135377928e-01
5.608461902158095036e-01 1.075483525034075655e-01 1.183499831322092355e+00
6.320110264101128639e-01 1.145850809221877320e+00 1.154621089410995116e-01
6.632042349482422106e-01 1.472593379855752893e+00 -5.638398089920686890e-02
5.211221742153024916e-01 3.155774306963889386e-01 7.266721086256249240e-01
5.002587062066914392e-01 5.231244369136912598e-01 4.773982833255934755e-01
7.591067421988674235e-01 1.478978967727107019e+00 -1.013691712700637848e-01
2.715360800816287168e-01 2.602755414181461280e-01 1.019538416597968844e+00
5.179724267588687869e-01 7.075803661920642140e-01 3.283697235876971154e-01
8.936979211823923297e-01 1.781051727063304613e+00 -7.218182688617630349e-01
6.575267312241706019e-01 8.809248093957364190e-02 1.218829470232934753e+00
8.101630470498192294e-01 -3.012044210627560226e-01 1.597771978841005414e+00
5.037350693359475828e-01 5.901984436369855924e-01 4.172770109008498429e-01
3.996563084484437423e-01 1.399652078431305124e+00 1.341346894788832955e-01
4.985457233856158132e-01 7.829901603575602220e-02 1.403082739206794383e+00
5.249823142138048127e-01 3.014461936306250256e-01 7.485228401774931539e-01
6.574701215888699712e-01 1.218671848964789639e+00 8.815477632390107676e-02
4.983688328375436849e-01 9.818834033868697464e-01 1.842229361949917488e-01
1.269260812661164584e-01 4.881421029600951367e-01 8.059613072416956792e-01
2.121607514458139776e-01 1.212181607995607369e+00 2.909131445359255941e-01
-3.922950905111487196e-02 1.002804826669660754e+00 6.099438428737540274e-01
5.258083309759824520e-01 2.986059086531347995e-01 7.530157691939963760e-01
5.495531364008858777e-01 2.347276094704984495e-01 8.643762238268257736e-01
3.437446270420199124e-01 1.727602369792567982e-01 1.279048833400250551e+00
-9.999999999999839018e-01 9.999999747443477638e-01 9.999999750387538189e-01
5.522988371058094037e-01 2.288664274340696803e-01 8.757263230727092562e-01
-1.000000000000000000e+00 1.000000000000000000e+00 1.000000000000000000e+00
4.748809001728390156e-01 3.239999455351907920e-01 7.165954387354611654e-01
5.751588516767456305e-01 9.628776586413180238e-01 1.873608841842925588e-01
4.176302044249333156e-03 5.753241014765282380e-01 1.058319286091469635e+00
5.095650922090839696e-01 3.712364526863604075e-01 6.478990913430831000e-01
5.042215886092834554e-01 4.123119796728265118e-01 5.961358202032136511e-01
5.231131401417564719e-01 1.523110584673907697e+00 5.485267741772395511e-02
1.069107974135190126e-01 4.450047898816440473e-01 1.110827915760267848e+00
5.573738136147849964e-01 6.390182338504327153e-02 1.333034282204362375e+00
-5.978681810109580663e-01 8.103843242853311368e-01 1.009956710939587499e+00
5.234243271131787667e-01 3.069689833741985341e-01 7.398847745684496990e-01
-6.877540385687810898e-02 6.256077699787886415e-01 1.043698832498746842e+00
-1.454897529590927496e-02 6.694080691969525043e-01 7.946582561098870512e-01
-3.633443277861454768e-02 1.049179501004947390e+00 6.056447277510297322e-01
7.702453644085934803e-01 1.505427653607572136e+00 -1.381510539349030120e-01
5.011712013713514047e-01 4.527200909887865166e-01 5.496276790168331816e-01
6.657317652706113975e-01 7.889328132282308337e-02 1.241466423552428866e+00
-6.416807717870834926e-01 8.295413195761248693e-01 9.599982133295129616e-01
-2.778830237122854596e-01 7.143951883437968942e-01 1.023956135760752284e+00
7.383773496558049265e-01 1.573641503599722657e+00 -2.224441247930757648e-01
5.000025439538287042e-01 5.031334165728992280e-01 4.968763710591396765e-01
-9.999999999999447109e-01 9.999999534648627009e-01 9.999999534648527089e-01
5.836197726934330143e-01 1.745052121775164389e-01 9.925788999239830712e-01
5.763650009057446066e-01 1.854600641209943057e-01 9.671823373986609962e-01
-6.824300295256346960e-01 8.350832136973581621e-01 1.007424906834281764e+00
-2.349226992881882359e-01 6.993413078917355419e-01 1.026807640812576583e+00
5.003014676358139567e-01 4.756533550039417912e-01 5.249542905100881285e-01
5.518877077109506368e-01 2.941441209256597661e-02 1.551885654222496802e+00
3.366843608747534522e-01 3.251860539759549584e-01 7.678180889723462688e-01
2.303905118127795582e-02 9.252388848980517277e-01 5.776198374202762276e-01
5.345298484207241518e-01 2.717299553807931423e-01 7.973331316595683171e-01
7.444821802686669709e-01 1.443744167879239981e+00 -5.901414384962806736e-02
4.552407780303219242e-01 1.455236948720663115e+00 1.007709049170374960e-01
5.743431923191875121e-01 9.599524723400687520e-01 1.886600612739864624e-01
2.921725073491332481e-01 4.536847928914199413e-01 6.098025080923046293e-01
8.365856930232271060e-02 4.827422661406405857e-01 1.093147216635329988e+00
5.000483658635502815e-01 5.101227380657267219e-01 4.899787074012408872e-01
5.099258728247594297e-01 1.509923001730615777e+00 6.495781195404158603e-02
5.093801244404388973e-01 3.723952439766990974e-01 6.463703342332721702e-01
5.035719393834252600e-01 4.190216186306766066e-01 5.881275877069760405e-01
5.195623856069068180e-01 3.217515709734338758e-01 7.173784654495400925e-01
5.176970399815886692e-01 7.058450149211810132e-01 3.295536920697532124e-01
3.547599396261571503e-01 1.329911299461536078e+00 1.635069404883858768e-01
4.838129567074784254e-01 1.483809576170251443e+00 8.296368876601169229e-02
-9.999999999999754641e-01 9.999999681083602265e-01 9.999999698047674634e-01
1.585733322930627243e-01 3.616135774943622927e-01 1.158924931039027939e+00
-4.407561831815408615e-01 1.015685046922146784e+00 7.651993801046557131e-01
5.007479156815400900e-01 4.620136929035584261e-01 5.394868286960853299e-01
5.426166551062580057e-01 8.345758737441930641e-01 2.506591527758332272e-01
