6.543392435899193504e-01 3.456579885715968525e-01 -3.587013579856042966e+00
5.785572765055521094e-01 2.110138352261289466e-06 -3.607506512346325245e+00
1.672446387317384827e-06 3.678766596927354193e-01 -3.621938875467690888e+00
7.872422308830240301e-01 2.127556011535475800e-01 -3.640093755776612650e+00
4.425611354183057178e-01 2.715473884067649002e-01 -3.576800558486843862e+00
4.499530745608033011e-01 5.500445737054455719e-01 -3.531692600526374459e+00
5.068526886309214774e-01 4.931449624679170585e-01 -3.504536424823803120e+00
2.280853965229663605e-01 8.395767694004550325e-07 -3.674054610456599868e+00
5.292190573782187268e-01 4.707786281090674541e-01 -3.518909424085231663e+00
6.350346926297323781e-07 1.874189565536623081e-01 -3.712518783005848810e+00
2.916486980703413001e-02 5.638471545763372728e-01 -3.602995237505810078e+00
4.590982957314855839e-01 5.408993778707684719e-01 -3.526150281405070253e+00
2.188075123119013476e-01 7.835096360759772763e-07 -3.681133496520290205e+00
1.634916237907310922e-06 3.495624873459808324e-01 -3.626675208924581284e+00
1.960589710763255555e-01 2.407791883365368868e-01 -3.637215367639132335e+00
8.975387174825112391e-01 1.836354037850279607e-07 -3.860366939252528606e+00
4.749216632208669853e-01 2.554488395241034659e-01 -3.569731458991710848e+00
3.208934284746280323e-16 0.000000000000000000e+00 -3.999999666666691489e+00
7.583072885633913573e-01 8.286082760328809184e-07 -3.665156811134077319e+00
4.129807801388318267e-01 1.806375779142227096e-06 -3.609881036013618871e+00
7.011915987790917669e-07 2.049706703440204170e-01 -3.693454145564714075e+00
2.880710138021577715e-01 7.119261299474682891e-01 -3.611424033461687166e+00
6.615631921545818139e-01 2.042266385216521366e-06 -3.629570495395334273e+00
7.636796345427571131e-01 2.363177126971483799e-01 -3.630685292147144860e+00
3.111460406886807917e-01 4.932178479390830206e-01 -3.553307641860719457e+00
3.960978151727917451e-01 6.038998598341349666e-01 -3.562068886328532802e+00
8.747086518011406575e-01 1.252907648417405928e-01 -3.725562613398484491e+00
2.897912221713101477e-01 1.275568839863240132e-06 -3.643676918781983520e+00
8.845078118633362380e-07 2.345028846188156602e-01 -3.669653824127465658e+00
3.407581225200992381e-01 1.585561023027649561e-06 -3.628964089703296203e+00
1.181155631315932292e-01 3.864309042540619709e-07 -3.827947903480388714e+00
4.069711083130754803e-01 5.930265631837190465e-01 -3.556247515689641148e+00
1.115977615425931824e-01 3.156681979898858237e-01 -3.630525794696747521e+00
2.213167703104597372e-02 7.993260733458671385e-01 -3.696507942020837767e+00
1.877901800642925978e-06 4.403297440660714490e-01 -3.602056545384544339e+00
1.222625676537305306e-01 6.725274343007522915e-02 -3.786088682050694487e+00
6.954606660996904832e-01 3.045364198511809617e-01 -3.604867325661246014e+00
7.768133387129209089e-01 2.231842670572423970e-01 -3.635745542598868951e+00
7.072213895320532684e-01 2.927756742780732724e-01 -3.609582393430955882e+00
9.299420828556731466e-02 2.988297243549039341e-07 -3.880101045620027111e+00
8.532107046791062022e-01 1.467884833295054758e-01 -3.690945955873550233e+00
4.417618211500843328e-01 5.582354905300381809e-01 -3.536562017951453196e+00
1.190018845393871205e-01 8.809972686145846055e-01 -3.738105243260196886e+00
7.887515402327596736e-02 7.906025325332718401e-01 -3.677243054883159612e+00
6.506563378743923654e-01 3.493410036422586185e-01 -3.585306656904321265e+00
6.400233237846342735e-07 1.864919305467339639e-01 -3.713640629390685177e+00
1.135400976629723080e-07 3.356975904386905185e-02 -3.981361234656950909e+00
2.907955419341458070e-01 1.581909379450336375e-06 -3.643338775745272429e+00
7.039273531724623245e-07 2.047350873112790126e-01 -3.693683657987347324e+00
6.750832067333721875e-01 3.249139030007084372e-01 -3.596293664067752971e+00
6.807730700217785591e-01 3.370354198600589851e-02 -3.634246556371842907e+00
7.661567145491493536e-01 2.338406617915738672e-01 -3.631616296844663694e+00
8.121403803710326441e-01 4.606102957560142324e-07 -3.711988008294016872e+00
7.443122357958497082e-01 1.602043419301442118e-01 -3.639832597177722562e+00
6.349749884227270380e-01 3.650226782717906349e-01 -3.577837330579895170e+00
7.462401740926404035e-07 2.066340822061318028e-01 -3.691853093443627998e+00
7.154861899174211892e-01 2.845109466797728359e-01 -3.612801740466316858e+00
4.205591355302896184e-01 5.794382176270792550e-01 -3.548751069323858420e+00
1.928375830667465318e-01 8.071607452671410998e-01 -3.649962296879674994e+00
6.052741172554322313e-01 3.947235129277213428e-01 -3.562793432498175594e+00
4.464723032533963742e-01 3.900211580126352051e-01 -3.549514873568201612e+00
1.011895187556333814e-01 3.247737601244315189e-07 -3.863025218431932029e+00
9.327830037555232545e-01 6.721670829543177628e-02 -3.875810862602311335e+00
4.882843965103189151e-07 1.486382142262158146e-01 -3.769742263269032723e+00
1.005579668410411937e-01 8.994416003320062636e-01 -3.781184628520966928e+00
5.983900079199315769e-01 1.168557954167681323e-01 -3.608402658199156843e+00
1.475581635401478037e-06 7.127009079263852964e-01 -3.644527855015320394e+00
4.890422789279162408e-01 1.945587269652380898e-06 -3.586947439013090211e+00
1.941799992974458378e-01 8.058182782084561957e-01 -3.649206410894676456e+00
5.266245054986722480e-07 1.616969504800713775e-01 -3.748134489348815990e+00
7.531322873014180130e-01 9.228694812927300615e-07 -3.662180797803137544e+00
2.844155457487626078e-07 8.281964188679903360e-01 -3.733022470331556875e+00
3.603482579871717939e-01 6.396493898922674948e-01 -3.580098004610436035e+00
2.753069120977728532e-02 9.504547719804681272e-01 -3.949461934809592289e+00
5.712147688295026171e-01 4.287825691196606170e-01 -3.544094717674788786e+00
6.715402744359281195e-01 3.284568343817279024e-01 -3.594748640933769224e+00
9.078668208321487576e-01 9.213259345561163050e-02 -3.803641643777304626e+00
2.038220078312328167e-06 6.597477604983171817e-01 -3.629094931152048176e+00
1.854037512031207757e-01 7.388811432703907833e-01 -3.634455282248282515e+00
1.262724063661419260e-01 4.249312951685982331e-02 -3.797974675558002833e+00
1.507631617245026867e-01 4.987174828544710410e-07 -3.766072300045041565e+00
2.074191435603536249e-01 7.925788313450344846e-01 -3.642494993537667813e+00
9.088970350039753477e-08 1.735659874277465861e-02 -3.994916021504469228e+00
5.176347084193347325e-02 1.355966124149106666e-01 -3.775906465021455993e+00
7.082337945705663440e-01 2.917633180520385339e-01 -3.609980758290336045e+00
1.652156127863210200e-01 6.260787679285027829e-02 -3.726250411527992412e+00
3.323063565737338076e-01 1.550706441729669969e-06 -3.631190387824609900e+00
7.227186142804354896e-01 2.772780174785297036e-01 -3.615561550572557792e+00
7.687026811648672853e-01 2.312947329328287616e-01 -3.632582560881822076e+00
4.160167035903007404e-01 5.839809511942170017e-01 -3.551284552290591812e+00
2.019086502162164773e-02 8.676307419992850267e-01 -3.796691360350341604e+00
2.884598485792061666e-07 8.826341419721450698e-02 -3.889863104769531343e+00
2.370710734136455555e-01 7.629262654518893516e-01 -3.630403684424778898e+00
8.656223967987835000e-01 1.343769224511215110e-01 -3.709411455137296532e+00
4.397476743261868881e-01 5.602500038121421833e-01 -3.537745787479374737e+00
5.529031163795545822e-01 1.492337380033302574e-01 -3.592614638791529647e+00
4.599720025031717174e-01 5.400256417049326130e-01 -3.525614939480435250e+00
3.459424246755868904e-01 6.540548073513005045e-01 -3.586882393718542339e+00
9.663000285011041912e-01 3.369979337071751097e-02 -3.963455403066519889e+00
1.906230080361238286e-06 4.657622518018341706e-01 -3.594361091274727915e+00
7.710128010780641361e-01 2.289846799296056945e-01 -3.633469014463218905e+00
6.220062625421573371e-02 1.870784718235312147e-07 -3.940081480812882120e+00
0.000000000000000000e+00 0.000000000000000000e+00 -3.999999666666968601e+00
5.120498914284083644e-07 1.544856696697243237e-01 -3.759784801219486994e+00
5.985799843581114388e-01 2.159959030329767186e-06 -3.613057748679384673e+00
1.725559258895793813e-01 8.274424715940031927e-01 -3.663785951128926133e+00
1.914762206768244601e-01 8.085221106230908727e-01 -3.650745554250674374e+00
4.536662609741345387e-01 5.463313982279964787e-01 -3.529455728646511581e+00
5.663577264203338071e-07 1.699526881547926416e-01 -3.735683436763252097e+00
8.064173271765612272e-01 4.601928787338014283e-07 -3.705357241447273520e+00
3.340152515930381871e-01 6.659819406792177876e-01 -3.592291677002737327e+00
4.479781480626084389e-01 5.520195154061464660e-01 -3.532874839167771341e+00
1.534226966287566829e-01 4.930402793564722072e-07 -3.761561576054164746e+00
1.908829186915920905e-06 7.087867321844643076e-01 -3.643197492349413924e+00
1.651460503659212820e-01 7.465874573836958628e-02 -3.720224912472825274e+00
2.943731931302485180e-07 9.159599196498451057e-02 -3.882996714211159439e+00
1.189784763690502067e-01 3.871413508869146842e-07 -3.826190941777461330e+00
3.415422149056879249e-07 8.340387530906023805e-01 -3.741581743563680007e+00
5.055577965132125318e-01 1.975155709294260098e-01 -3.572170257408139538e+00
5.595374622967980160e-02 1.129109630256188712e-01 -3.812052897558698028e+00
3.214052216003278617e-01 6.785919000356164243e-01 -3.597807691521154094e+00
1.811000581771907425e-01 8.188984663640317407e-01 -3.657345485782111716e+00
9.506177627590226303e-07 2.454404228422878420e-01 -3.662982696546462691e+00
1.391331148688407793e-01 8.608661351357482783e-01 -3.701861420436167283e+00
8.339507804891720590e-07 7.581375162912840082e-01 -3.665055860291479117e+00
2.638800315529677906e-02 7.533286474903541086e-01 -3.661513618772859857e+00
1.593358137999221213e-01 5.154615726795605802e-07 -3.751870725451600386e+00
7.678630869226049649e-02 3.376591532572329468e-01 -3.627526194054765618e+00
7.295880630583918558e-01 2.704090542490170668e-01 -3.618139413051439046e+00
4.213865313486248043e-02 5.640099171433750058e-01 -3.602733311307146025e+00
6.405706638728979607e-01 1.598863350986212684e-01 -3.615225962153722605e+00
1.964518515123004356e-06 4.875419548142381765e-01 -3.587435999435209855e+00
7.999804307843855211e-02 8.657027052962090741e-01 -3.756755212200027394e+00
6.706737251399335076e-01 3.293235161729509142e-01 -3.594368231485523868e+00
6.981499175497157816e-01 3.018471913681015084e-01 -3.605960003294734317e+00
5.775837054693563344e-01 4.224139476995601994e-01 -3.547708780124499306e+00
4.666978871808647455e-01 5.332997852458836174e-01 -3.521459824014453233e+00
1.659808818468235803e-01 9.003009580497098319e-02 -3.710839310643879507e+00
2.717667661336652940e-01 5.486653861226599149e-01 -3.574145459712429140e+00
4.410501126498332263e-07 8.141612578350565510e-01 -3.714436568246849646e+00
7.057577541565163148e-01 2.942393096437539990e-01 -3.609004413465967342e+00
4.043222890348159293e-01 5.956753508744441206e-01 -3.557680159805606035e+00
6.101644316338268315e-01 3.898332106602160896e-01 -3.565351276746137721e+00
2.409352826614622399e-07 7.514826975588403957e-02 -3.916117155172986308e+00
1.971474847353800174e-06 4.937458479826367652e-01 -3.585406126194113696e+00
3.863312006227160311e-01 6.136664613081858066e-01 -3.567163399129585244e+00
8.759162634242345646e-01 8.007694748141534064e-03 -3.815379432086702050e+00
5.925266902664362290e-01 4.074709336374677804e-01 -3.555976115850766561e+00
8.590299370762680686e-01 1.409693051082853144e-01 -3.699107067697700479e+00
6.684766220267791548e-01 3.315205797633877238e-01 -3.593399400744500927e+00
5.883560042768279930e-01 4.116416604546520031e-01 -3.553698589128787333e+00
2.759221596516780312e-02 1.683584209147525046e-01 -3.734741435794121767e+00
3.119048832724331533e-01 1.455235589644631764e-06 -3.636810476786620949e+00
3.205771834190307208e-07 8.396172810597658520e-01 -3.750202940715530175e+00
8.912581170917442952e-01 1.087413901184480641e-01 -3.760954513334842542e+00
5.704466054031441802e-01 4.295510460661041696e-01 -3.543655066795468933e+00
3.742488404538584224e-01 7.864828370522186640e-02 -3.618139314286615171e+00
1.282249103389113964e-01 8.717744723324446499e-01 -3.720094292232337896e+00
1.297224347034690828e-06 7.232860621164094450e-01 -3.648388213919141254e+00
4.457437630646725046e-01 5.542535565831998579e-01 -3.534206018414735251e+00
4.811113142072520055e-01 5.188863393927453105e-01 -3.512352347531285002e+00
6.266982689500216752e-01 3.732993664713047388e-01 -3.573763166243178802e+00
4.912297111098797853e-01 5.087679258203150479e-01 -3.505793306292422695e+00
1.917995946662941209e-01 8.081988057758254795e-01 -3.650557960381217271e+00
8.449761835125787695e-07 3.061326107864747459e-01 -3.638501991393150004e+00
2.648265232814683845e-01 7.351705658525625742e-01 -3.620208849192622313e+00
2.263771251228353099e-01 6.591820091231995749e-01 -3.610941037133051701e+00
8.440324968402266315e-01 3.030403497617042654e-07 -3.757331421842668551e+00
9.275203159122343832e-01 7.247937473146078002e-02 -3.860282885595149427e+00
8.127009726222570452e-01 4.326623059865090531e-07 -3.712661583660397113e+00
3.500361063411415730e-01 6.499612244131295347e-01 -3.584982482553555005e+00
1.329936808690895533e-01 4.251357569470391451e-01 -3.600539967683603848e+00
8.527715131117690195e-01 6.375906057133333416e-02 -3.750110062197761440e+00
4.703349188034055653e-07 1.428414641037767108e-01 -3.780041142741520144e+00
4.166387634372735183e-01 5.833588905553419579e-01 -3.550939243521909816e+00
1.078554834767863364e-07 8.751334510500667907e-01 -3.814333132957513417e+00
2.538446297812333996e-01 9.991884946618565950e-07 -3.658480758785763509e+00
4.165369912834174793e-01 5.834606772182793222e-01 -3.550995777084331895e+00
1.838960001077619422e-01 8.161025079148148675e-01 -3.655447985473682326e+00
1.107922598007040210e-01 8.892072416984906358e-01 -3.756156166607531155e+00
6.739660642074404295e-01 1.742685763679306388e-01 -3.621468091593663452e+00
9.327305570508972465e-01 6.726915153189512442e-02 -3.875656575140765892e+00
7.648498308886382269e-01 2.351475647336211949e-01 -3.631124082249280960e+00
1.467268593134567756e-01 8.532723186344755018e-01 -3.691027972451773387e+00
1.220427727742965929e-01 1.000116955854052914e-01 -3.754363061364220044e+00
2.558831683238672050e-01 4.846835123327299100e-02 -3.655279664974135923e+00
5.101113429638196584e-01 4.553807343169617994e-01 -3.517544358466428989e+00
3.091452858880030519e-01 6.908517708222186027e-01 -3.602974033877280657e+00
2.723090199614229268e-01 1.792376272293851880e-01 -3.632880956494599189e+00
1.314423990092516148e-01 7.801935455085403648e-01 -3.657348437605764779e+00
3.994293828162875371e-01 4.203331973064770577e-01 -3.554591617414096572e+00
7.771358381232580381e-01 6.919022405791144882e-07 -3.677927403814189145e+00
2.548434795313346823e-01 7.451537375591268386e-01 -3.623871399925037373e+00
2.468584036170288487e-01 7.531388396069913505e-01 -3.626790423578041711e+00
3.237368669667756915e-07 8.387599678640743628e-01 -3.748849825395605517e+00
7.028105195836245552e-07 1.964205508907142239e-01 -3.702234435334096574e+00
5.193999944342523323e-01 1.794174159350026708e-06 -3.589675990180327680e+00
1.512794938892930707e-01 5.032467318696623953e-07 -3.765189338463192037e+00
1.163425860346091051e-01 3.658824942779227188e-07 -3.831571366427472203e+00
2.934861350225168586e-01 1.617705234718129694e-06 -3.642447369675070323e+00
7.673448558880587855e-01 2.326525481411193530e-01 -3.632065941175477874e+00
4.884330072517330534e-01 5.115646310096580995e-01 -3.507619861796695382e+00
4.397431213530250127e-01 5.602545109714490712e-01 -3.537748443584737945e+00
4.994534927237317401e-01 5.005441572447122400e-01 -3.500361856586987397e+00
4.148610022322969937e-01 5.851366494171589272e-01 -3.551924717409516763e+00
1.225769508044350980e-03 2.471869155324299405e-01 -3.662003812429915239e+00
1.750536003161418073e-06 6.941086114944173824e-01 -3.638572490253845881e+00
4.687771134155461761e-01 5.312205366939989348e-01 -3.520163105155992067e+00
1.822478491302319259e-01 8.177506781118837331e-01 -3.656554991942279287e+00
7.911055394071272451e-01 5.566230686352124825e-07 -3.689729914194320948e+00
5.326397486774770984e-01 4.673579096674757571e-01 -3.521048820303804838e+00
1.192732282715117664e-01 6.612036021111331596e-01 -3.624188441889852452e+00
5.433449664668563717e-01 4.566523468925980933e-01 -3.527643427164250056e+00
1.657502287837484289e-06 3.548665678492421427e-01 -3.625303590008075894e+00
2.151014800206796037e-06 5.996834502845621584e-01 -3.613357420889147686e+00
8.109628223161382889e-07 2.209186122045361245e-01 -3.679444089527543760e+00
4.123274797892779175e-01 3.570828337496317201e-02 -3.609633372826809961e+00
6.490069331688783638e-01 3.509903866428036312e-01 -3.584536393213458183e+00
2.903341968197249434e-01 8.756720929095015288e-03 -3.643449327349647326e+00
2.023087156667462416e-01 8.222137132638282349e-07 -3.696087835001510502e+00
7.286714113659570470e-07 2.061748042267283754e-01 -3.692291753696537171e+00
1.688106417450302155e-01 8.311881946615768957e-01 -3.666953197165071732e+00
3.836615679868751738e-01 6.163360834192840310e-01 -3.568533820540034984e+00
5.750321930329184150e-01 4.249651461350681392e-01 -3.546267466876112273e+00
5.300550961682851921e-07 7.944754188407442408e-01 -3.692915563375039678e+00
1.442064638789532227e-01 7.834629158259557302e-01 -3.655405071810687190e+00
3.649876493687741891e-02 2.142609856122560663e-01 -3.682330142154694563e+00
5.392299202233699074e-01 2.053859285181528845e-06 -3.595903362019867266e+00
1.073640765267355190e-01 3.496719678623044968e-07 -3.850138721522204488e+00
1.669396688221615743e-01 5.524625945639248354e-07 -3.740116314992129265e+00
1.237303772314307659e-01 2.366814233176866414e-07 -3.816603080549513916e+00
5.302561825399271234e-01 4.697414593745568023e-01 -3.519559730364224759e+00
2.336997734657276227e-01 7.662976372283801796e-01 -3.631669510974814052e+00
9.066151943374741728e-01 1.681535589962305444e-07 -3.879289215250338874e+00
3.801341673191862003e-01 6.198634645318319425e-01 -3.570330000228592038e+00
6.259572169384347573e-01 3.740404278620129697e-01 -3.573393936161072482e+00
6.516470574162197549e-01 3.483502741792067203e-01 -3.585767589621661866e+00
1.488679345660356382e-06 3.165329571185072077e-01 -3.635492809021442451e+00
3.344500734853907420e-01 6.655470225829400732e-01 -3.592097743660079612e+00
3.899531662311415681e-01 6.100444921293933787e-01 -3.565288920299809039e+00
1.592940663083445495e-06 3.130869700864030158e-01 -3.636470915154081496e+00
3.480750032323602579e-07 8.379678969758199703e-01 -3.747608741187092640e+00
8.064817904805164639e-02 8.885682384022568492e-01 -3.789780364278646729e+00
6.211210425290959458e-01 3.788766124879753283e-01 -3.570966355724861430e+00
1.214686471965156916e-01 8.495500323380686947e-01 -3.705601975767186307e+00
9.615943389078663861e-01 3.840547122895703047e-02 -3.953302598057234718e+00
6.672736923697246691e-01 3.327234243692485105e-01 -3.592866295653672992e+00
3.368785062708280017e-07 1.052131984100153905e-01 -3.854622736002365713e+00
4.840614610855069055e-01 5.159361701232793029e-01 -3.510454068666625016e+00
7.167385422587205790e-01 2.832586075507628753e-01 -3.613283264520860794e+00
7.585304220996159641e-01 2.414668720799273693e-01 -3.628772182560971338e+00
1.412769695491365718e-01 8.587222790187165611e-01 -3.698654131425216818e+00
5.964208858528335055e-07 1.802279611856874020e-01 -3.721534718277527354e+00
1.798945557657305738e-01 6.075113126063546032e-01 -3.604558420865807022e+00
4.441661286696088959e-07 1.196657484824831530e-01 -3.824794870852908701e+00
7.192123268648704659e-01 2.807847362756434317e-01 -3.614229846720071748e+00
8.206521817670282548e-01 1.793463934631937262e-01 -3.658585535214712081e+00
2.354077495250036511e-01 7.645896347062324239e-01 -3.631026364695199238e+00
3.721736299787045121e-01 6.278240422976847368e-01 -3.574322672099990328e+00
3.192417988813007756e-01 1.488819463045004790e-06 -3.634735208579885413e+00
4.740805505995592806e-01 5.259171036618410788e-01 -3.516829509010871213e+00
3.263026130004865188e-01 6.736944967993854227e-01 -3.595690014028340986e+00
9.122815404426998231e-02 9.087714356369411828e-01 -3.806137636596968576e+00
6.674922420688975377e-07 1.929793356699067430e-01 -3.706037015853408167e+00
9.362202803343333546e-01 6.377943557719711887e-02 -3.885882250952084505e+00
7.943575471482355876e-01 2.056404760720704772e-01 -3.643328808007685993e+00
3.499686438214173467e-01 1.615876811607844303e-06 -3.626570058687000664e+00
3.978299698465472822e-01 6.021676892888122579e-01 -3.561152071185316625e+00
1.574262882474209146e-01 6.263990852220709116e-02 -3.736442094407443015e+00
2.211474465509821186e-01 7.596014152550887299e-01 -3.632705688069751027e+00
1.181749757227929937e-01 5.978090335541986766e-01 -3.608141630648314724e+00
1.227846990434753871e-01 8.772146980858959164e-01 -3.730426208995577309e+00
6.659784649508507792e-01 3.340185507110782770e-01 -3.592290167319126759e+00
6.256782092362457304e-01 3.743194371880136928e-01 -3.573254731180799837e+00
5.896966394219261831e-01 4.103010105487122083e-01 -3.554433212354286997e+00
1.097103137923392674e-01 8.902891801044426900e-01 -3.758673481678287409e+00
2.982482305391586652e-01 7.017489005390287193e-01 -3.607408691919069099e+00
2.368406803106398840e-07 7.322503283819130349e-02 -3.919823966756347033e+00
5.378439041414793616e-07 1.617750117171503632e-01 -3.748012284612042944e+00
1.425699533253486639e-01 8.574292528110404321e-01 -3.696777161284051871e+00
6.261109229403436276e-07 1.849797818753356193e-01 -3.715496118184788976e+00
1.243063962606289231e-07 3.712965599801472394e-02 -3.977337292494214527e+00
6.294251771141082807e-01 3.705724592266902429e-01 -3.575115546056082838e+00
4.161173128301510205e-01 2.445540134313324288e-01 -3.589015691777416528e+00
1.699004307374612252e-04 9.455761283897283764e-01 -3.953125892944682640e+00
4.982191579145315297e-01 5.017784922656972624e-01 -3.501182833295113372e+00
1.576021337115909582e-01 6.688149316376578168e-01 -3.622223977495196312e+00
7.205014487263688983e-02 1.196888971364128418e-01 -3.785786804928007676e+00
3.120707746718506814e-01 6.879263602005480926e-01 -3.601758561463546116e+00
3.362748027826553687e-01 6.637223125423498127e-01 -3.591281287904003694e+00
4.697418305653330295e-01 1.586569569771417720e-01 -3.584724564222443455e+00
1.601522378716427144e-06 3.437212104678498692e-01 -3.628191273356122348e+00
1.255048000186231016e-08 1.261432787553843456e-08 -3.999999666703618395e+00
8.668995374221474259e-01 1.330997957974308643e-01 -3.711543006664770328e+00
1.506649640286096548e-01 5.435365325798890540e-07 -3.766240615769001376e+00
1.805283932946974146e-01 6.076299157450464794e-07 -3.721143537867199758e+00
3.687914841645843766e-02 9.631206671806722408e-01 -3.956703297168119970e+00
2.694081313280247691e-01 1.037919313820789870e-06 -3.651319778852472275e+00
1.763046746127141517e-01 5.768756836440015040e-07 -3.726760175729474156e+00
5.939041719865870705e-01 2.134834409151196723e-06 -3.611780984973437469e+00
6.704423430219041968e-01 3.295548683659453304e-01 -3.594266504687633201e+00
1.582908860080866342e-01 8.417081549413205632e-01 -3.677168886993562147e+00
4.661707914385866958e-01 5.338268492885629435e-01 -3.521787622179952226e+00
6.074713619002149562e-07 1.814848667475723043e-01 -3.719906620581630463e+00
1.955182760052533481e-06 4.921172199096290334e-01 -3.585941469818603622e+00
7.016674546353471875e-01 4.280819867915176824e-02 -3.639938008799144420e+00
8.239925773839279488e-01 1.760059548775293747e-01 -3.661061285437795298e+00
9.449801454867789996e-01 5.501960050105649674e-02 -3.910915976765667601e+00
7.645281912556212145e-01 7.884831904353109390e-07 -3.669020516228499673e+00
3.973292490335227911e-01 6.026683915660954183e-01 -3.561417503433415011e+00
8.696468643912333985e-01 1.303524958100481246e-01 -3.716280742605531540e+00
3.144033131144952642e-01 6.855937910547809100e-01 -3.600781701264582857e+00
5.326318310474890128e-01 6.344937008684495283e-02 -3.592516976229669368e+00
3.084077194511395947e-01 6.915893669729146209e-01 -3.603278795486771102e+00
8.568352457912751241e-01 1.431640041806443442e-01 -3.695929138325156238e+00
7.635392016465363252e-01 2.364581390521961757e-01 -3.630632748622045103e+00
2.483542047345178860e-01 2.019813157453372865e-01 -3.634491871704702337e+00
4.897672861007161815e-01 5.102303803224176315e-01 -3.506749741089329131e+00
7.624075103624687877e-01 2.375898536172440512e-01 -3.630210147909934015e+00
3.005658771711963717e-01 6.994312232521142647e-01 -3.606477541401784226e+00
9.499023467410810939e-01 5.009742366486852339e-02 -3.924338482295304242e+00
8.270904047849355623e-01 3.380962185169884474e-07 -3.731456610014393327e+00
6.453267866575740364e-02 5.286284155328399015e-01 -3.591217174696413217e+00
2.671200971897111920e-01 1.018890990146742560e-06 -3.652289031115818041e+00
7.203787189431155591e-01 1.365711972039637461e-06 -3.647286039698978133e+00
6.334802966624502041e-01 2.130319846390156032e-06 -3.622289287765009025e+00
7.411118278200924392e-01 9.863140390288094306e-02 -3.648262966657744855e+00
3.195629256639333921e-02 1.926641747375451308e-08 -3.983066413922024207e+00
9.397760281497866131e-02 9.060219869849752694e-01 -3.798598313283074290e+00
5.241378846275980274e-01 4.758597707565915824e-01 -3.515702738464919097e+00
3.608107359845367235e-01 6.391869124957820780e-01 -3.579875632941501351e+00
4.551027179195795735e-07 1.517779901504327511e-01 -3.764340168414316068e+00
8.380360464063810744e-01 1.619629401726663531e-01 -3.673366154373659764e+00
1.032004699647409568e-01 8.967990234348276468e-01 -3.774469118954379532e+00
6.697342708910760667e-01 2.094975779428448204e-01 -3.615835681111343014e+00
2.041583374237331827e-01 7.958397109937671576e-01 -3.644037843023161027e+00
8.467338827046373417e-01 1.532652310124257844e-01 -3.682824655129401492e+00
2.205517182884953187e-01 8.037193350553640549e-07 -3.679734271275663993e+00
4.183931811568523673e-01 5.816044854530324493e-01 -3.549962581493661506e+00
6.798844938808071836e-01 1.927067610445605157e-06 -3.634491323625120174e+00
1.486717375199687052e-01 8.513274447912926313e-01 -3.688483357247365202e+00
1.702446390218699813e-06 3.767361206054686829e-01 -3.619632072487695140e+00
6.887958004923295796e-01 3.112012439490465798e-01 -3.602120939359240381e+00
5.042778485871740275e-07 8.042396843047149302e-01 -3.702950148501686911e+00
7.573780846832040003e-01 2.426192098750576676e-01 -3.628347197383764211e+00
7.344831435760896809e-01 2.655140273971457465e-01 -3.619955052184071764e+00
2.955457310817057463e-07 9.194355477245229336e-02 -3.882277640905737126e+00
8.803216551811057222e-01 1.174386192773475973e-01 -3.739021743434033596e+00
2.598871870232793979e-01 6.288640415981039400e-01 -3.598248925397465214e+00
6.825319483063239101e-01 3.174651188586024575e-01 -3.599488935685211999e+00
1.988671138462338728e-01 8.011310982022429306e-01 -3.646686176122281076e+00
3.320408328695846900e-01 6.679563688686810385e-01 -3.593169063539848551e+00
7.547609900734698618e-01 2.452362796234975606e-01 -3.627385086155331617e+00
1.507604412048869662e-06 3.231518473406134739e-01 -3.633657074900930706e+00
2.773771197710915293e-01 7.226199184883970172e-01 -3.615524145355897279e+00
1.971777485920573891e-01 8.028205105824378629e-01 -3.647574195387161211e+00
5.727859998817432796e-01 4.272116223624911058e-01 -3.544991281438175434e+00
8.926342940267439907e-01 1.073652381677890344e-01 -3.764237034983571650e+00
2.663023321610810124e-01 3.888804545794535827e-01 -3.592622902359455139e+00
7.469407941990992006e-01 2.530563719794125532e-01 -3.624524377716324963e+00
5.367924700381846437e-01 1.807855602167657226e-06 -3.595151777601357068e+00
4.263058291220042650e-01 3.260768377499703718e-01 -3.570645477387127009e+00
1.363797911930440809e-01 5.641549315587383040e-01 -3.597154797326016507e+00
5.934905323881132233e-01 1.261104896299571620e-01 -3.606319231211465137e+00
1.406549343399043639e-01 4.588179001699543359e-07 -3.784030792368734630e+00
9.013788949305939768e-02 2.898117350668283249e-07 -3.886007650679082825e+00
1.878426900627481189e-01 6.450687450839473101e-07 -3.712009950009278469e+00
1.092963282361934935e-01 8.907033297316090392e-01 -3.759645202236973738e+00
4.623144385982574322e-07 1.431795046894042134e-01 -3.779429343570928523e+00
1.742668731005191917e-06 4.919951950384106043e-01 -3.585981509647310439e+00
1.379409016553264922e-01 8.620583717228816889e-01 -3.703697169765243657e+00
7.862678222337726730e-01 5.955678422128628594e-07 -3.685393516100896605e+00
4.413389247084890665e-01 5.586587483446029401e-01 -3.536811098222855332e+00
4.920664267499121336e-01 5.079312099879927933e-01 -3.505244812155757117e+00
7.108916566997522390e-02 7.765423864221079331e-01 -3.669658779920931480e+00
9.266672399476927335e-01 7.333243639687994642e-02 -3.857763206931481559e+00
7.530880461910897106e-01 4.859009734461285784e-02 -3.659608507840859559e+00
5.252449089314995225e-07 8.034710679106723541e-01 -3.702115565279977094e+00
2.146723119354686932e-02 6.585789066185301910e-02 -3.927301096284805393e+00
1.867821239115637424e-02 8.893948628874981388e-02 -3.884477181082323316e+00
1.430933902253245515e-01 2.101598112691029363e-01 -3.658276165403957947e+00
3.512329652870122554e-01 6.487643648566353560e-01 -3.584422807576061576e+00
4.422619290321806451e-01 5.577354107128489336e-01 -3.536267287465971521e+00
3.643513256561778878e-07 1.093679532310180141e-01 -3.845970215238312395e+00
3.973458137646626587e-01 6.026518753287283259e-01 -3.561408740493420488e+00
2.895872542545016026e-01 7.104097795611113986e-01 -3.610833143488323849e+00
4.553585389398614458e-01 5.446388182886957585e-01 -3.528430086777412544e+00
7.953909350355670149e-01 9.952028857812106333e-02 -3.674453491653816961e+00
1.573461408037017117e-01 5.059807342327685690e-07 -3.755078689763084121e+00
7.237995238056549319e-01 2.761975522561900265e-01 -3.615969718441849778e+00
9.000264911160832382e-02 1.192878631250424287e-01 -3.768363739333555618e+00
1.258144168981116251e-01 4.027533864466258922e-07 -3.812450175233317307e+00
6.714395141738282269e-07 1.888825207450339494e-01 -3.710771758246308227e+00
1.038450290331594111e-01 3.032765677990443831e-01 -3.634369108358696643e+00
8.617393807929453198e-01 5.319018396815571037e-02 -3.770611026884821193e+00
1.953400379893174121e-07 6.011539452759949442e-02 -3.943692208529095300e+00
4.601569218740767520e-01 5.398407514208576341e-01 -3.525501515090116555e+00
8.182852759315775160e-01 1.817132817561252223e-01 -3.656921127277747985e+00
2.425949190816125145e-01 7.574023529943899602e-01 -3.628356142269442586e+00
1.093969052331991709e-01 1.454155907100382339e-01 -3.719283170620850676e+00
1.037316733606492989e-06 2.600121754117465933e-01 -3.655476232660222369e+00
4.281427286321543013e-01 5.718546393455988808e-01 -3.544460257360155353e+00
8.153991887745568601e-01 4.039109646970332835e-07 -3.715964452859547240e+00
2.478621269122556758e-01 9.750053731224351096e-07 -3.661633747939919470e+00
2.128628974831556498e-06 6.434499415672143563e-01 -3.624867267997440301e+00
6.916077149957026993e-02 6.173939082262758227e-01 -3.616448551367588138e+00
1.203743844643037369e-08 1.203743844594987275e-08 -3.999999666679162846e+00
1.110675249155298888e-01 5.443156257807813700e-07 -3.842443826391186867e+00
6.180822572880032562e-01 3.819154058609217084e-01 -3.569425057454905126e+00
2.326624982895884874e-01 3.115640562830903626e-01 -3.616438469060840433e+00
4.234318177944110806e-01 5.765655047332342020e-01 -3.547134711574389865e+00
1.877497216081019382e-01 8.122487667812708922e-01 -3.652981481715239731e+00
5.411173058976344041e-01 4.588803467111412515e-01 -3.526283656915611964e+00
2.022422300539172824e-01 3.492426925680092858e-02 -3.693196950060546158e+00
5.126945304964639766e-02 7.325736472519861486e-02 -3.887494898773152130e+00
9.552630285038379854e-02 9.698068020734165740e-02 -3.792464945358296813e+00
8.398267836696422517e-01 1.601722259568833795e-01 -3.675187157075936906e+00
3.016076722051311831e-01 4.661182598025874202e-01 -3.563921797790206902e+00
9.389036448420702285e-01 6.109607703802612949e-02 -3.893668214141504436e+00
2.037617891390405933e-06 5.210636202558107666e-01 -3.590208358677731582e+00
2.963041808949582467e-01 7.036929509792784199e-01 -3.608184847555762964e+00
3.467602589382343115e-01 2.848530859666884574e-01 -3.599552355311654850e+00
7.209715878409580503e-01 2.790255424333078493e-01 -3.614899396603750148e+00
1.241844634052258201e-01 8.758149421353231823e-01 -3.727687659301440082e+00
5.664738506704833920e-01 4.335234635813159376e-01 -3.541369303907260235e+00
4.517943221553462618e-01 1.662387908559118541e-06 -3.598639044399226439e+00
1.886731794471899204e-01 7.247403821878292129e-01 -3.630815363937927032e+00
7.569168297877905127e-01 2.430801085941272643e-01 -3.628177403696106751e+00
8.087775407542381334e-01 9.530542754624667101e-02 -3.685459247552768325e+00
3.972250327972539075e-01 6.027723015694678166e-01 -3.561472626396311458e+00
5.114302114259057230e-01 4.885671346511697988e-01 -3.507532404776796398e+00
8.599353752993547095e-01 1.400638872358801190e-01 -3.700454253706816576e+00
1.259994665044967266e-01 5.056297895175329016e-01 -3.579906601510733477e+00
5.948013145621017239e-01 4.051960302862291918e-01 -3.557208538215073546e+00
9.436766553857383055e-01 5.632309705954390705e-02 -3.907270803356902356e+00
2.193486304956205890e-01 7.806490309504466873e-01 -3.637300541904802564e+00
1.061955341044069773e-01 8.938039805159176954e-01 -3.767066033623760024e+00
5.432290287888849045e-01 4.567683128551656702e-01 -3.527572818489355999e+00
6.321837632689134567e-01 2.116057009090793210e-06 -3.621953170064012628e+00
4.773149209687841538e-02 7.044625100477361901e-01 -3.640565014727105808e+00
3.882297370201470699e-01 6.117679180138941852e-01 -3.566183027172040276e+00
7.805985783835408531e-01 2.193991363120428306e-01 -3.637279776928598274e+00
6.570232363775339035e-01 2.582427147328710260e-01 -3.605257356793257983e+00
1.612909084321548503e-01 3.202005105603919488e-01 -3.624357499234797331e+00
4.606359055712314077e-01 1.914754743616813326e-06 -3.595945844433645178e+00
2.193472836599180964e-01 2.291679176199328677e-02 -3.679742645177322746e+00
3.863962808929037318e-01 6.136010471731091487e-01 -3.567129786352656762e+00
3.425884562876129191e-01 6.574087663094567713e-01 -3.588422481519565110e+00
3.234791398611061575e-02 5.854043677947909918e-01 -3.609078125453252017e+00
1.248062316054446421e-08 1.262782627100023873e-08 -3.999999666666678610e+00
3.382862570170582228e-01 6.617108472892176962e-01 -3.590376200630399861e+00
0.000000000000000000e+00 0.000000000000000000e+00 -3.999999666666683495e+00
3.791427307430704219e-01 5.754404312752883222e-01 -3.558665169345380352e+00
6.938564598249041815e-01 3.061405965178757849e-01 -3.604211313207846601e+00
1.187208872912729073e-06 2.414987795161828155e-01 -3.665274020046147108e+00
4.308330004373004951e-01 5.691643154238374969e-01 -3.542919653737553798e+00
4.540428842086007277e-01 5.459548039170127876e-01 -3.529227827440021059e+00
7.232656082964933342e-01 1.277736110730686172e-06 -3.648380339784441873e+00
1.643643783081708746e-06 3.329132064744989572e-01 -3.631029179947959928e+00
1.121697657056055092e-01 7.381000997677232833e-01 -3.645364104562358598e+00
3.185017437448973138e-07 9.978651182887195159e-02 -3.865955652847062662e+00
3.917697762745170342e-01 6.082275639226643049e-01 -3.564342101930797035e+00
7.596152598754916423e-07 2.090462908752260263e-01 -3.689591267775226946e+00
1.295177232779144982e-01 1.921428167343804116e-01 -3.671515841926185963e+00
2.217682043565480099e-01 8.177296244645435898e-07 -3.678777604762939468e+00
8.675904906233816716e-01 1.324088554005107277e-01 -3.712714880456337241e+00
4.757717611832273930e-01 5.242255551239937139e-01 -3.515758466151529760e+00
2.121326708590930699e-01 7.878651504063386435e-01 -3.640366920134297413e+00
2.430429911543536062e-02 8.953274599212943108e-02 -3.880559874642773632e+00
5.083183470283850542e-07 1.547809820268246095e-01 -3.759293854414663016e+00
8.553320261231025512e-01 8.236792302804123167e-02 -3.740812618689629776e+00
5.015630864461698701e-01 4.984345636914708222e-01 -3.501039709634910402e+00
2.326757418619923286e-08 2.326756921924423316e-08 -3.999999666666678610e+00
2.955204363848311089e-01 7.044767167001080299e-01 -3.608496511903660942e+00
3.045913317536942944e-01 6.954057243987574743e-01 -3.604844916285767198e+00
2.779317097073418155e-07 8.617112450017164194e-02 -3.894142956483432449e+00
5.434791464354305405e-07 1.637337099395665407e-01 -3.744973736021149691e+00
4.876735885677089821e-01 5.123240562993183200e-01 -3.508114047423187554e+00
1.026744745566416492e-06 7.428914508263867456e-01 -3.656859729448078689e+00
2.844331603833115674e-01 5.057491344662201627e-01 -3.558269885652868503e+00
2.431574085063516466e-01 6.934788476760724019e-02 -3.658986474306983094e+00
3.685983583818133735e-01 6.313993178816613705e-01 -3.576088411280538448e+00
8.496301208435829144e-01 1.503690061947135226e-01 -3.686335918737671413e+00
6.747153312003841830e-01 1.914719923580116793e-06 -3.633074353779344179e+00
6.928017054831103749e-01 3.071953599897280784e-01 -3.603778256620038700e+00
3.411852258399457605e-01 4.192440833700560310e-01 -3.569275378997105008e+00
9.601743866763212683e-07 3.052034354052742260e-01 -3.638779923716964682e+00
5.050348292266210182e-01 4.949628139016529760e-01 -3.503338930716711985e+00
7.140909415691767403e-01 1.435551299272855902e-06 -3.645011977875412423e+00
4.315048951079231143e-01 5.684924361388001834e-01 -3.542533390529059467e+00
4.577221758439481425e-01 5.422751599840468506e-01 -3.526991283068794836e+00
4.010919600812943298e-01 5.989053557702371799e-01 -3.559414584316568764e+00
5.940716390607476693e-01 4.059260125330699798e-01 -3.556813882881233901e+00
5.954876954585650584e-01 1.242432997821203526e-02 -3.612162504992358691e+00
6.955666443525163611e-01 1.690284212771083154e-06 -3.639010053158518776e+00
1.509761645168655668e-08 1.594582011214814310e-08 -3.999999666706711032e+00
1.174024227481818183e-06 3.986568437718142066e-01 -3.613808329532131047e+00
1.252432451792749313e-01 4.117705293328113686e-07 -3.813584947684445670e+00
4.806305434984522451e-01 5.193671113492850377e-01 -3.512660600117459175e+00
6.459769485743066531e-01 3.540203906818569779e-01 -3.583111987889977534e+00
