6.543401190789877031e-01 3.456588640606706453e-01 -3.587015222774676104e+00
5.785554349762217496e-01 9.810840694861428450e-07 -3.607507838282960844e+00
9.536644930146084834e-07 3.678750252222404149e-01 -3.621939855769662486e+00
7.872429450296901665e-01 2.127563153008270591e-01 -3.640095740009701597e+00
4.425597549107721518e-01 2.715460078991576154e-01 -3.576801675945195047e+00
4.499537570077555282e-01 5.500452561524168393e-01 -3.531694115551962998e+00
5.068531262887282507e-01 4.931454001257825071e-01 -3.504537925103852203e+00
2.280845158922030769e-01 6.258487701415231061e-07 -3.674055782983262297e+00
5.292194729745488546e-01 4.707790437053568366e-01 -3.518910929206471305e+00
2.603028719721486142e-07 1.874183615483640264e-01 -3.712520018533806976e+00
2.916309958580834763e-02 5.638453869057138412e-01 -3.602996526466653915e+00
4.590989798048799031e-01 5.409000619441532987e-01 -3.526151791440468308e+00
2.188067043903804409e-01 3.332695143692290763e-07 -3.681134690493436779e+00
9.372246442367434146e-07 3.495608843482774231e-01 -3.626676179056569360e+00
1.960577742982500260e-01 2.407779915584536690e-01 -3.637216325821774010e+00
8.975382138532318477e-01 1.233064743166907741e-07 -3.860367917285317141e+00
4.749202515740754138e-01 2.554474278765629380e-01 -3.569732616914897072e+00
1.883774473019216782e-08 1.883774480730562051e-08 -4.000000000013840484e+00
7.583059837521985980e-01 4.472412794050090228e-07 -3.665158188959083407e+00
4.129791015046620495e-01 8.749840160834418777e-07 -3.609882064580253402e+00
3.082288387201339863e-07 2.049699633422050471e-01 -3.693455364559093290e+00
2.880719443219492137e-01 7.119270604672341962e-01 -3.611425802690928499e+00
6.615613093103929199e-01 9.849976594559169370e-07 -3.629571988012628481e+00
7.636805215674721259e-01 2.363185997221451395e-01 -3.630687205556579311e+00
3.111446291918300577e-01 4.932164364425148939e-01 -3.553308869265349834e+00
3.960984725268424378e-01 6.039005171881487444e-01 -3.562070451099158319e+00
8.747088389662511787e-01 1.252909520072494065e-01 -3.725564747748989713e+00
2.897898609196506436e-01 6.289089738274389228e-07 -3.643677931607161469e+00
4.167796047317116845e-07 2.345019519788633378e-01 -3.669654980184939408e+00
3.407565398691301262e-01 9.702582943251742143e-07 -3.628965057955244600e+00
1.181152311859215015e-01 1.416786337731312811e-07 -3.827949016147492500e+00
4.069717844225801961e-01 5.930272392931954517e-01 -3.556249067612720971e+00
1.115963911702252814e-01 3.156668276175141896e-01 -3.630526749546378884e+00
2.212953200069495835e-02 7.993250096377416680e-01 -3.696509255510881164e+00
8.570735272012500722e-07 4.403280454323280080e-01 -3.602057612541192277e+00
1.222622834127753966e-01 6.725245918910956189e-02 -3.786089830112800758e+00
6.954616354441019999e-01 3.045373891955956980e-01 -3.604869054798508721e+00
7.768141367756367099e-01 2.231850651203637903e-01 -3.635747495489268566e+00
7.072223578708141112e-01 2.927766426168602054e-01 -3.609584150887704901e+00
9.299391182746979956e-02 1.175496725237060900e-07 -3.880102057363086665e+00
8.532110009357701808e-01 1.467887795866516798e-01 -3.690948088483426481e+00
4.417626811939588949e-01 5.582363505739436071e-01 -3.536563538298892251e+00
1.190019918162404378e-01 8.809973758907789776e-01 -3.738107371570071003e+00
7.887308096165825122e-02 7.906010556212317297e-01 -3.677244633343840441e+00
6.506570753205153101e-01 3.493417410883899454e-01 -3.585308293084051190e+00
5.710613970900631785e-07 1.864913409203897976e-01 -3.713641865263391129e+00
4.788291395341811631e-08 3.356937589196704042e-02 -3.981361978826395642e+00
2.907941743437714166e-01 6.404353478215998750e-07 -3.643339786656222046e+00
2.888752268645784640e-07 2.047343819367394568e-01 -3.693684877322999771e+00
6.750841396862142796e-01 3.249148359535382058e-01 -3.596295347967892297e+00
6.807712591654745404e-01 3.370158296284044008e-02 -3.634248075249527865e+00
7.661575830971488754e-01 2.338415303398799217e-01 -3.631618217664993153e+00
8.121395434733384988e-01 2.687998024321241230e-07 -3.711989189136952749e+00
7.443104015293623421e-01 1.602024225100915356e-01 -3.639834352159520670e+00
6.349754016724161731e-01 3.650230915214389138e-01 -3.577838939887689751e+00
3.078309966345227941e-07 2.066333636223726955e-01 -3.691854309941831946e+00
7.154871096849705348e-01 2.845118664473521575e-01 -3.612803518768964661e+00
4.205599531098166977e-01 5.794390352066504102e-01 -3.548752607185939656e+00
1.928381446542824784e-01 8.071613068540651748e-01 -3.649964338701842781e+00
6.052745388095142065e-01 3.947239344818113116e-01 -3.562794998993257689e+00
4.464709218796402701e-01 3.900197766388611154e-01 -3.549516104366154057e+00
1.011892139557222792e-01 1.283155681064836785e-07 -3.863026264816129540e+00
9.327830966231961396e-01 6.721680095029559932e-02 -3.875812849840528873e+00
1.854432659279452237e-07 1.486377989947832712e-01 -3.769743465275280592e+00
1.005581149702575311e-01 8.994417484609513735e-01 -3.781186722059252325e+00
5.983883271919303581e-01 1.168541108901481745e-01 -3.608404021425012154e+00
7.300393509093637881e-07 7.126992173564656863e-01 -3.644529352359697771e+00
4.890405399054680857e-01 9.691932436897608690e-07 -3.586948585961696967e+00
1.941805642538663446e-01 8.058188431635029403e-01 -3.649208449008194854e+00
2.095683711595559768e-07 1.616964847386398729e-01 -3.748135713552471771e+00
7.531309332143953927e-01 4.954638383705150447e-07 -3.662182193629100802e+00
2.335252276941656798e-07 8.281956857301462360e-01 -3.733023599367560674e+00
3.603486767947853830e-01 6.396498086999462540e-01 -3.580099621620005390e+00
2.752878641824174286e-02 9.504534414133850584e-01 -3.949463447794433701e+00
5.712156095083076313e-01 4.287834097984186132e-01 -3.544096248103464131e+00
6.715411363989606253e-01 3.284576963447471409e-01 -3.594750317471234968e+00
9.078670451736402525e-01 9.213281779782052372e-02 -3.803643714002530540e+00
8.867838590907916878e-07 6.597458754628133804e-01 -3.629096421330422206e+00
1.854018647423080479e-01 7.388792961119005076e-01 -3.634457054124351494e+00
1.262721148837724905e-01 4.249283803449220576e-02 -3.797975818075524757e+00
1.507627389226552928e-01 1.894301469177705445e-07 -3.766073506385863023e+00
2.074198219971135071e-01 7.925795097809440470e-01 -3.642496993617146739e+00
2.945803406531392877e-08 1.735606978108072268e-02 -3.994916656125986343e+00
5.176315690851544804e-02 1.355962984815104189e-01 -3.775907634635867982e+00
7.082346978255015246e-01 2.917642213069735480e-01 -3.609982518259346573e+00
1.652151917609386567e-01 6.260745576746654106e-02 -3.726251622822847942e+00
3.323047975345698735e-01 9.272115141299378604e-07 -3.631191356517302626e+00
7.227197947189617500e-01 2.772791979170906029e-01 -3.615563347738785627e+00
7.687035423257467803e-01 2.312955940938158372e-01 -3.632584489342315592e+00
4.160173762117210794e-01 5.839816238156315675e-01 -3.551286094606656452e+00
2.018878910212878325e-02 8.676299499350930144e-01 -3.796692538411146955e+00
1.066585885369094129e-07 8.826312105444829303e-02 -3.889864096052989773e+00
2.370719830538153550e-01 7.629271750914298211e-01 -3.630405595584973000e+00
8.656226307745467086e-01 1.343771564272930596e-01 -3.709413592861560804e+00
4.397483497682847520e-01 5.602506792542303327e-01 -3.537747309258834072e+00
5.529015371072840690e-01 1.492321583785787276e-01 -3.592615904614091082e+00
4.599726855838245920e-01 5.400263247855938697e-01 -3.525616449091506954e+00
3.459433099841964232e-01 6.540556926599255805e-01 -3.586884036110950191e+00
9.663000844757398955e-01 3.369984934567267498e-02 -3.963457315038003248e+00
9.706392639058243277e-07 4.657605333550483007e-01 -3.594362198471204639e+00
7.710136458134679849e-01 2.289855246650719656e-01 -3.633470949871707489e+00
6.220032788639956456e-02 1.417900157509621553e-07 -3.940082357364080412e+00
1.811764128617412305e-08 1.811764134379584547e-08 -4.000000000008034462e+00
0.000000000000000000e+00 1.544852330076233737e-01 -3.759786014486904193e+00
5.985781188119029261e-01 1.021174881664528372e-06 -3.613059118937079983e+00
1.725563948122153524e-01 8.274429405159838824e-01 -3.663788043526778004e+00
1.914768164607279222e-01 8.085227064063278402e-01 -3.650747599798506826e+00
4.536667783546305399e-01 5.463319156085320039e-01 -3.529457241525238764e+00
2.242368935219547323e-07 1.699521853739081045e-01 -3.735684669351544862e+00
8.064164485269669225e-01 2.534129545810345977e-07 -3.705358441998775731e+00
3.340160485368939280e-01 6.659827376230365026e-01 -3.592293342289818447e+00
4.479788159276547610e-01 5.520201832711674195e-01 -3.532876355402873703e+00
1.534222640034344221e-01 2.067367590385774865e-07 -3.761562787431552479e+00
6.558809827141541072e-07 7.087850167903544385e-01 -3.643198994633434662e+00
1.651456210775492373e-01 7.465831644999926242e-02 -3.720226120319292118e+00
1.167109044699641088e-07 9.159569660410146752e-02 -3.882997719935900260e+00
1.189781426862993735e-01 2.773778801093717517e-07 -3.826192057569573368e+00
2.182243054317456142e-07 8.340380527660552490e-01 -3.741582855125042073e+00
5.055563188939137254e-01 1.975140932948013794e-01 -3.572171442557637633e+00
5.595348508131877535e-02 1.129107018772082943e-01 -3.812054010728490816e+00
3.214061395573079016e-01 6.785928179925798664e-01 -3.597809382860205130e+00
1.811005943320247447e-01 8.188990025181694943e-01 -3.657347558323881920e+00
2.855613771714132531e-07 2.454393997876942179e-01 -3.662983822558941505e+00
1.391334081269873513e-01 8.608664283934058803e-01 -3.701863557476688271e+00
4.310780515502542981e-07 7.581362098591072352e-01 -3.665057238717730925e+00
2.638590407766933793e-02 7.533272277975541220e-01 -3.661515068387130256e+00
1.593353579089251959e-01 2.023687478757700083e-07 -3.751871946440304750e+00
7.678485533501214211e-02 3.376576998999808454e-01 -3.627527155055452202e+00
7.295890083926482861e-01 2.704099995833392778e-01 -3.618141228650543884e+00
4.213690585773141595e-02 5.640081722091421224e-01 -3.602734598928877041e+00
6.405689649061729884e-01 1.598846287654890619e-01 -3.615227438347919708e+00
1.037608848483074684e-06 4.875402171998086120e-01 -3.587437143735161538e+00
7.999596166468059266e-02 8.657011829534411174e-01 -3.756756895605903424e+00
6.706745166676163494e-01 3.293243077006219321e-01 -3.594369906244109014e+00
6.981508352629167691e-01 3.018481090812879519e-01 -3.605961738766622737e+00
5.775844026365312134e-01 4.224146448667247533e-01 -3.547710316239212514e+00
4.666983009802361249e-01 5.333001990452498342e-01 -3.521461330666205480e+00
1.659804292970770423e-01 9.002964325522302969e-02 -3.710840512951128822e+00
2.717652823267195372e-01 5.486639023282456895e-01 -3.574146765884446353e+00
2.833912615147154193e-07 8.141604350897466702e-01 -3.714437742278224874e+00
7.057587303258370248e-01 2.942402858130760412e-01 -3.609006167311680890e+00
4.043227254146473659e-01 5.956757872543776422e-01 -3.557681714727467082e+00
6.101648646458273095e-01 3.898336436722177334e-01 -3.565352849562875015e+00
8.730322097140262445e-08 7.514797948203234823e-02 -3.916118088844388723e+00
9.667279414847336858e-07 4.937441044701553206e-01 -3.585407281524044532e+00
3.863316034085779171e-01 6.136668640940592390e-01 -3.567164976649152663e+00
8.759156279493491848e-01 8.005622321196679061e-03 -3.815380505039550396e+00
5.925273902680213700e-01 4.074716336390487026e-01 -3.555977667217272931e+00
8.590301875688587385e-01 1.409695556013187967e-01 -3.699109204041372223e+00
6.684774291115478384e-01 3.315213868481370896e-01 -3.593401071034814986e+00
5.883564253915234410e-01 4.116420815693138113e-01 -3.553700135968727469e+00
2.759177103226240907e-02 1.683579759818462640e-01 -3.734742659380043239e+00
3.119034013208609735e-01 7.748279567553825603e-07 -3.636811457294367056e+00
2.135811942313451334e-07 8.396166096327370987e-01 -3.750204036309338740e+00
8.912580739308469946e-01 1.087413469579000536e-01 -3.760956625313832902e+00
5.704472830587030696e-01 4.295517237216437412e-01 -3.543656596571074680e+00
3.742473309797991199e-01 7.864677423099238063e-02 -3.618140296008585555e+00
1.282251159359067694e-01 8.717746779241877242e-01 -3.720096428362052343e+00
6.164857563959727030e-07 7.232844468744286104e-01 -3.648389693144008294e+00
4.457446248913197739e-01 5.542544184098285864e-01 -3.534207536074578826e+00
4.811117479795123386e-01 5.188867731650373960e-01 -3.512353849669927808e+00
6.266986900584886611e-01 3.732997875798235166e-01 -3.573764762556623342e+00
4.912301329518881099e-01 5.087683476623255929e-01 -3.505794806751792336e+00
1.918001512973147860e-01 8.081993624062540071e-01 -3.650560005047508660e+00
7.568053577673684969e-07 3.061311564800651697e-01 -3.638502978321783488e+00
2.648274638115609148e-01 7.351715063825119412e-01 -3.620210680126493052e+00
2.263754391702096080e-01 6.591803253967867260e-01 -3.610942593477549423e+00
8.440318466216381044e-01 2.045271264453296857e-07 -3.757332505306476556e+00
9.275204451124841043e-01 7.247950391774729550e-02 -3.860284890866548579e+00
8.127001396820110468e-01 2.936195456963268289e-07 -3.712662762605548838e+00
3.500369690920344667e-01 6.499620871640086062e-01 -3.584984117479635746e+00
1.329922039182562521e-01 4.251342799970992958e-01 -3.600541011576313011e+00
8.527702205464200436e-01 6.375697585692986780e-02 -3.750111580555428148e+00
1.831736659960899394e-07 1.428410682921074371e-01 -3.780042331557929902e+00
4.166394591989875384e-01 5.833595863170621953e-01 -3.550940785213489104e+00
1.589864893735700298e-07 8.751329103772665929e-01 -3.814334144635051160e+00
2.538435371280733377e-01 4.861306398164295026e-07 -3.658481860998614721e+00
4.165374068304510402e-01 5.834610927652679191e-01 -3.550997318877739506e+00
1.838965260105679678e-01 8.161030338169658060e-01 -3.655450051014308865e+00
1.107924393746567704e-01 8.892074212754780271e-01 -3.756158282474900467e+00
6.739643220626475584e-01 1.742668201150438800e-01 -3.621469663813360995e+00
9.327306616922502736e-01 6.726925560873986409e-02 -3.875658562110046557e+00
7.648507041850119981e-01 2.351484380302875099e-01 -3.631125999156591178e+00
1.467271409640894253e-01 8.532726002846294788e-01 -3.691030105112953930e+00
1.220424529146802717e-01 1.000113757257906771e-01 -3.754364238069480386e+00
2.558821360641946874e-01 4.846731897359830149e-02 -3.655280747354001214e+00
5.101098711923944817e-01 4.553792625455347354e-01 -3.517545796377892220e+00
3.091462497947205512e-01 6.908527347289293852e-01 -3.602975752354742323e+00
2.723077502598073019e-01 1.792363575277909904e-01 -3.632881903064607343e+00
1.314403819872636547e-01 7.801917657824702923e-01 -3.657350212379327559e+00
3.994280136728726172e-01 4.203318281630071263e-01 -3.554592822045180789e+00
7.771347116340173722e-01 3.638289162886013649e-07 -3.677928712134032718e+00
2.548444001288912020e-01 7.451546581565398064e-01 -3.623873259018011161e+00
2.468592893585499770e-01 7.531397253483330667e-01 -3.626792305799498184e+00
2.070270430039775761e-07 8.387592921492855735e-01 -3.748850923397138324e+00
2.917061905152784704e-07 1.964199008282998260e-01 -3.702235664697596906e+00
5.193982243938042309e-01 5.898202625961636731e-07 -3.589677193300197633e+00
1.512790692107454649e-01 2.024031751920753770e-07 -3.765190545815799705e+00
1.163422575501482648e-01 1.427816916388819376e-07 -3.831572472585639932e+00
2.934847508405856176e-01 6.687019113121109908e-07 -3.642448375661598181e+00
7.673457327851446186e-01 2.326534250385215441e-01 -3.632067865558624931e+00
4.884334575645445375e-01 5.115650813224184024e-01 -3.507621362597384440e+00
4.397437983604943756e-01 5.602551879789495759e-01 -3.537749965367485316e+00
4.994539319714831338e-01 5.005445964924243318e-01 -3.500363356586831287e+00
4.148614165696316580e-01 5.851370637544871522e-01 -3.551926260898183862e+00
1.224735347234054026e-03 2.471858813716178993e-01 -3.662004933621738623e+00
4.964863936656566300e-07 6.941068184895546889e-01 -3.638574002562456222e+00
4.687775460208266631e-01 5.312209692993282717e-01 -3.520164611002799315e+00
1.822483265071164482e-01 8.177511554881338185e-01 -3.656557061636960260e+00
7.911045375725495044e-01 6.428304473762355444e-07 -3.689731170064736610e+00
5.326401477886593128e-01 4.673583087787009926e-01 -3.521050326694475263e+00
1.192714365560633150e-01 6.612018406542357063e-01 -3.624189958049799376e+00
5.433455655451175925e-01 4.566529459708997818e-01 -3.527644938435806843e+00
8.773978614576299098e-07 3.548649543925792016e-01 -3.625304562289774157e+00
6.676991856826298724e-07 5.996815835035674835e-01 -3.613358793594600549e+00
3.591984743344964975e-07 2.209177880489487655e-01 -3.679445278908641370e+00
4.123258690695152939e-01 3.570667265391541667e-02 -3.609634397722747856e+00
6.490077616483577172e-01 3.509912151223160692e-01 -3.584538026427977808e+00
2.903328525372425029e-01 8.755376646702301563e-03 -3.643450339411514527e+00
2.023080268642513946e-01 3.050270075892204913e-07 -3.696089057674011080e+00
3.249611370824363314e-07 2.061740888567339391e-01 -3.692292970898908067e+00
1.688110455242229913e-01 8.311885984430276153e-01 -3.666955297417698212e+00
3.836620076674089885e-01 6.163365230997885913e-01 -3.568535401743905489e+00
5.750330331085597990e-01 4.249659862107136865e-01 -3.546269000654564962e+00
2.794487784700042277e-07 7.944744454615316753e-01 -3.692916806801391782e+00
1.442044492938371336e-01 7.834610819394102199e-01 -3.655406894868599821e+00
3.649805625999994613e-02 2.142602769353802727e-01 -3.682331334143253532e+00
5.392281274423704751e-01 9.943602679299118726e-07 -3.595904604455535836e+00
1.073637633519680806e-01 2.954042759269752892e-07 -3.850139793062568483e+00
1.669391800334602549e-01 2.275689755163597084e-07 -3.740117545038698310e+00
1.237300333617628867e-01 1.439544580909619817e-07 -3.816604213014433977e+00
5.302568731464372132e-01 4.697421499810578993e-01 -3.519561235855451109e+00
2.337006148106594017e-01 7.662984785730144743e-01 -3.631671432217410178e+00
9.066146952144110704e-01 1.113979430588330368e-07 -3.879290185601631524e+00
3.801348374526440366e-01 6.198641346652898898e-01 -3.570331586431431337e+00
6.259576382351793589e-01 3.740408491587489670e-01 -3.573395531351331922e+00
6.516478852088425366e-01 3.483511019718276702e-01 -3.585769227597990216e+00
1.023208843666552038e-06 3.165314549356963436e-01 -3.635493785397564626e+00
3.344509186831747805e-01 6.655478677806653254e-01 -3.592099408082572332e+00
3.899535734301944889e-01 6.100448993284821597e-01 -3.565290492958036239e+00
7.798948158129927846e-07 3.130854828060177231e-01 -3.636471894520956205e+00
2.118537071938699944e-07 8.379672172499555982e-01 -3.747609841428319211e+00
8.064611757637467349e-02 8.885665664114281714e-01 -3.789782152721417052e+00
6.211216969124545573e-01 3.788772668712699354e-01 -3.570967943746337081e+00
1.214665339663001525e-01 8.495481377343470086e-01 -3.705603924342486533e+00
9.615943950284543407e-01 3.840552734966486137e-02 -3.953304513610266913e+00
6.672745419588873572e-01 3.327242739584340692e-01 -3.592867963522586194e+00
1.275328995310307747e-07 1.052128883533623577e-01 -3.854623798889032393e+00
4.840619106980915132e-01 5.159366197358663531e-01 -3.510455570188604213e+00
7.167394659043266891e-01 2.832595311964248297e-01 -3.613285046048620774e+00
7.585312881503617488e-01 2.414677381302232917e-01 -3.628774080655278844e+00
1.412772234641621050e-01 8.587225329333043611e-01 -3.698656267629078620e+00
2.457818323154611650e-07 1.802274064754450789e-01 -3.721535955021687769e+00
1.798929263710211113e-01 6.075096847603174144e-01 -3.604559818698677809e+00
1.311982028417712310e-07 1.196654133917248036e-01 -3.824795989113151329e+00
7.192132978020593370e-01 2.807857072128585041e-01 -3.614231634669879956e+00
8.206526170122570019e-01 1.793468287090556335e-01 -3.658587612029999825e+00
2.354086004747230898e-01 7.645904856569444297e-01 -3.631028280823958898e+00
3.721740428117208399e-01 6.278244551306398913e-01 -3.574324270132906101e+00
3.192402856371525655e-01 8.658274232394110969e-07 -3.634736182947334360e+00
4.740809826748167977e-01 5.259175357371241866e-01 -3.516831013039418252e+00
3.263035344088772716e-01 6.736954182077663500e-01 -3.595691695024564538e+00
9.122829291273087948e-02 9.087715744310383981e-01 -3.806139704149734904e+00
2.804990383589311724e-07 1.929787072576618356e-01 -3.706038248168403548e+00
9.362203719780449740e-01 6.377952722186069900e-02 -3.885884226893883131e+00
7.943582036074877673e-01 2.056411325318736050e-01 -3.643330813318998995e+00
3.499670399781895647e-01 9.261175507974837868e-07 -3.626571028958239573e+00
3.978304316978002464e-01 6.021681511400719389e-01 -3.561153633814344577e+00
1.574258992211983177e-01 6.263951949598499380e-02 -3.736443300084378638e+00
2.211455351676659131e-01 7.595995122556361556e-01 -3.632707570674175379e+00
1.181732938212779749e-01 5.978073552918230504e-01 -3.608142992640175351e+00
1.227849022303733051e-01 8.772149012618905006e-01 -3.730428341312458596e+00
6.659793670665458132e-01 3.340194528268735086e-01 -3.592291832597329204e+00
6.256786204003633722e-01 3.743198483520622788e-01 -3.573256325949959233e+00
5.896970781320514110e-01 4.103014492587936379e-01 -3.554434760626636880e+00
1.097104793295792802e-01 8.902893456489886503e-01 -3.758675595527759317e+00
2.982492496965519768e-01 7.017499196964309682e-01 -3.607410435999811149e+00
8.594487421020320263e-08 7.322474212042857922e-02 -3.919824891936677602e+00
2.118068489100238393e-07 1.617745456446059993e-01 -3.748013508915869263e+00
1.425702233816985298e-01 8.574295228669118751e-01 -3.696779296828852424e+00
2.530109545483377172e-07 1.849792009059837705e-01 -3.715497354501279048e+00
4.872267884004384236e-08 3.712929136189612594e-02 -3.977338054913886811e+00
6.294255822101010311e-01 3.705728643226673391e-01 -3.575117146560103265e+00
4.161159356981870561e-01 2.445526362993204472e-01 -3.589016757772342636e+00
1.679719255143456041e-04 9.455755479365508531e-01 -3.953126901905051227e+00
4.982195893986892665e-01 5.017789237498430088e-01 -3.501184333312107100e+00
1.576003712893912501e-01 6.688131872015821155e-01 -3.622225527944810786e+00
7.204986345915770363e-02 1.196886157229346132e-01 -3.785787951484462788e+00
3.120716590548289759e-01 6.879272445835099559e-01 -3.601760273304128290e+00
3.362757115918471595e-01 6.637232213515180668e-01 -3.591282948722831492e+00
4.697403500991520486e-01 1.586554765048517612e-01 -3.584725678141256644e+00
9.004036717213587398e-07 3.437196205195562904e-01 -3.628192241990329414e+00
1.136240997954541769e-08 1.226297138239895596e-08 -4.000000000054636295e+00
8.668997592449632084e-01 1.331000176134673196e-01 -3.711545144284911668e+00
1.506645415822479572e-01 1.311358410908016898e-07 -3.766241821915595089e+00
1.805278369663877447e-01 5.311011039145522351e-07 -3.721144774627879404e+00
3.687920554845525167e-02 9.631207243125498030e-01 -3.956705211216964724e+00
2.694069141333990114e-01 5.398853169554438486e-07 -3.651320838385971435e+00
1.763041405075864709e-01 2.323239811206506784e-07 -3.726761411710376226e+00
5.939023118064469253e-01 9.764034555651482384e-07 -3.611782344850648752e+00
6.704431352338098282e-01 3.295556605778093284e-01 -3.594268178973130556e+00
1.582912066921989269e-01 8.417084756249255673e-01 -3.677171005956439309e+00
4.661714979472146858e-01 5.338275557972560481e-01 -3.521789129044230915e+00
5.026387264906399607e-07 1.814843052305341597e-01 -3.719907857355985392e+00
1.007643750925074314e-06 4.921154779649400401e-01 -3.585942622233342814e+00
7.016657046414115362e-01 4.280621577598996141e-02 -3.639939544963476159e+00
8.239930051753415752e-01 1.760063826696361411e-01 -3.661063370120170468e+00
9.449802286658789408e-01 5.501968368054956787e-02 -3.910917926002292599e+00
7.645269459118915201e-01 6.775458144211494777e-07 -3.669021871607216045e+00
3.973296658062513975e-01 6.026688083388509476e-01 -3.561419066677578460e+00
8.696470781616867374e-01 1.303527095665749924e-01 -3.716282879596532140e+00
3.144042283460145581e-01 6.855947062862913777e-01 -3.600783407885482568e+00
5.326301605841319287e-01 6.344769912524692024e-02 -3.592518197085471154e+00
3.084086542729314595e-01 6.915903017946947173e-01 -3.603280515653370930e+00
8.568354761907622796e-01 1.431642345805291539e-01 -3.695931273528777261e+00
7.635400833343861660e-01 2.364590207391044085e-01 -3.630634661612196723e+00
2.483529695138122495e-01 2.019800805246342035e-01 -3.634492819870257296e+00
4.897677302030488677e-01 5.102308244247261149e-01 -3.506751241715567513e+00
7.624083832489071400e-01 2.375907265039668981e-01 -3.630212057523494629e+00
3.005668173500050111e-01 6.994321634309332847e-01 -3.606479279921380510e+00
9.499024170594057015e-01 5.009749398359789052e-02 -3.924340418727672031e+00
8.270896651390987619e-01 2.285541984074864280e-07 -3.731457742443617498e+00
6.453101419766446578e-02 5.286267514761473496e-01 -3.591218387605139117e+00
2.671188977194908776e-01 4.733604829366746555e-07 -3.652290096665815167e+00
7.203770818709753776e-01 6.264823975413818977e-07 -3.647287524581042550e+00
6.334784029491123958e-01 9.033402630168546211e-07 -3.622290732757461384e+00
7.411101186636688265e-01 9.862942801075087751e-02 -3.648264599660374419e+00
3.195589986425035472e-02 4.450145261688156972e-08 -3.983067149416647190e+00
9.397773363895468857e-02 9.060221177448218866e-01 -3.798600388985743592e+00
5.241383009884795774e-01 4.758601871174729658e-01 -3.515704241959273002e+00
3.608113955102675297e-01 6.391875720215982604e-01 -3.579877249177865650e+00
1.927510814493863216e-07 1.517775636458989497e-01 -3.764341376728264965e+00
8.380366033688118055e-01 1.619634971361804954e-01 -3.673368267416706523e+00
1.032006537802269974e-01 8.967992072499570977e-01 -3.774471218937688555e+00
6.697325574415670113e-01 2.094958595837424220e-01 -3.615837258927783182e+00
2.041589579215323247e-01 7.958403314907274151e-01 -3.644039852670721835e+00
8.467341772138279321e-01 1.532655255220951862e-01 -3.682826781015982043e+00
2.205508969685044396e-01 3.766743261198266474e-07 -3.679735461467913638e+00
4.183938727868924401e-01 5.816051770831052181e-01 -3.549964121448756948e+00
6.798826487146004682e-01 9.728735789303021206e-07 -3.634492833626058683e+00
1.486720076178638661e-01 8.513277148887425927e-01 -3.688485488171185267e+00
9.690174833259517836e-07 3.767344747891183676e-01 -3.619633060121878909e+00
6.887967309818562311e-01 3.112021744385790600e-01 -3.602122653161790033e+00
2.775284824360796896e-07 8.042387891307158920e-01 -3.702951356706091879e+00
7.573789819866992845e-01 2.426201071785251684e-01 -3.628349092070811022e+00
7.344840450975655965e-01 2.655149289186942707e-01 -3.619956881212975652e+00
1.108590960083721839e-07 9.194325914797051025e-02 -3.882278648128656862e+00
8.803195532917709176e-01 1.174364937100999123e-01 -3.739023851928391817e+00
2.598855755266044065e-01 6.288624304137109267e-01 -3.598250417243476384e+00
6.825328871716005441e-01 3.174660577238589410e-01 -3.599490635552424767e+00
1.988676650803202495e-01 8.011316494357865192e-01 -3.646688201042530331e+00
3.320416351125480836e-01 6.679571711117211485e-01 -3.593170732780423204e+00
7.547618433799937465e-01 2.452371329301819280e-01 -3.627386973132849413e+00
8.433848702381556045e-07 3.231503191089572513e-01 -3.633658046888058823e+00
2.773780913766892842e-01 7.226208900939524726e-01 -3.615525942260389147e+00
1.971783333364044988e-01 8.028210953243374304e-01 -3.647576225103799974e+00
5.727866832300132494e-01 4.272123057107644617e-01 -3.544992813224226325e+00
8.926344427956104388e-01 1.073653869370148339e-01 -3.764239144181970254e+00
2.663009767730252775e-01 3.888790991914006234e-01 -3.592623946838298554e+00
7.469417257202151106e-01 2.530573035006598581e-01 -3.624526241942337190e+00
5.367906801459904065e-01 6.242019350314303444e-07 -3.595153015095228444e+00
4.263044697280346518e-01 3.260754783559813852e-01 -3.570646612401875863e+00
1.363781816841631578e-01 5.641533227625504798e-01 -3.597156085240361012e+00
5.934888700156242258e-01 1.261088245445074474e-01 -3.606320583963426696e+00
1.406545453951593139e-01 1.977408701509325910e-07 -3.784031975706627637e+00
9.013759517223793316e-02 1.075897034161523499e-07 -3.886008650100811312e+00
1.878420925804032693e-01 1.664025397393943890e-07 -3.712011185361160592e+00
1.092964255902826032e-01 8.907034270855316294e-01 -3.759647315298718873e+00
1.812475510358369799e-07 1.431791077939544854e-01 -3.779430533210191623e+00
1.031038245976161730e-06 4.919934532101384317e-01 -3.585982661844640873e+00
1.379411542477182728e-01 8.620586243148318228e-01 -3.703699307130508878e+00
7.862667783646268838e-01 3.364021977365963121e-07 -3.685394790022857414e+00
4.413395739304032395e-01 5.586593975665087308e-01 -3.536812618866866931e+00
4.920668708696354643e-01 5.079316541077225633e-01 -3.505246312531387520e+00
7.108710068734772070e-02 7.765409083372344368e-01 -3.669660331308627121e+00
9.266673452866031058e-01 7.333254173595592229e-02 -3.857765215150446014e+00
7.530865504064925275e-01 4.858803435131350823e-02 -3.659610013302157405e+00
3.016661379984700406e-07 8.034701668220188830e-01 -3.702116776204612769e+00
2.146699375134208596e-02 6.585765321963865659e-02 -3.927302004854654083e+00
1.867796069637461115e-02 8.893923459393050790e-02 -3.884478179193643133e+00
1.430925370870402002e-01 2.101589581308197507e-01 -3.658277245509888864e+00
3.512338141722778362e-01 6.487652137419042120e-01 -3.584424440357310893e+00
4.422624980361157809e-01 5.577359797167752431e-01 -3.536268807465374753e+00
1.900759493296289738e-07 1.093676369603256704e-01 -3.845971294725484491e+00
3.973462219478297031e-01 6.026522835119000332e-01 -3.561410303717403636e+00
2.895882127151619967e-01 7.104107380217502543e-01 -3.610834908896066509e+00
4.553591305065563533e-01 5.446394098554221408e-01 -3.528431598732117092e+00
7.953893327732938223e-01 9.951822588330724861e-02 -3.674455165686394853e+00
1.573456929634340917e-01 2.093682378988706608e-07 -3.755079907765036307e+00
7.238004877828293493e-01 2.761985162334239519e-01 -3.615971518475066926e+00
9.000235067328855865e-02 1.192875646866915357e-01 -3.768364903001467869e+00
1.258140682269273669e-01 1.425594345499497322e-07 -3.812451314708061201e+00
1.488003954265310763e-17 1.888819171369969518e-01 -3.710772993118383489e+00
1.038436996917712768e-01 3.032752384576608562e-01 -3.634370071101251209e+00
8.617381978741542881e-01 5.318811133990172108e-02 -3.770612470833197172e+00
8.571755768327708142e-08 6.011509360093530985e-02 -3.943693075890387423e+00
4.601573354388213688e-01 5.398411649855513472e-01 -3.525503024612426373e+00
8.182857947275731236e-01 1.817138005527762501e-01 -3.656923198303291933e+00
2.425958172075647068e-01 7.574032511198762752e-01 -3.628358037027604510e+00
1.093964977920314635e-01 1.454151832688775625e-01 -3.719284366958452992e+00
5.521665913238012362e-07 2.600110324296690534e-01 -3.655477317554053585e+00
4.281435454803668161e-01 5.718554561937839731e-01 -3.544461788338120645e+00
8.153983745444506326e-01 2.922246940720202862e-07 -3.715965622758051090e+00
2.478610837451441784e-01 4.890338109266290924e-07 -3.661634867111574820e+00
8.735864487331397941e-07 6.434480467501246803e-01 -3.624868731959052681e+00
6.915898725547571513e-02 6.173921384244579480e-01 -3.616449956823472256e+00
1.917807922677986332e-08 1.917807965670029315e-08 -4.000000000014472867e+00
2.499999999999960032e-01 1.141084302209319360e-15 -3.939124654223859157e+00
6.180826678460643597e-01 3.819158164189720983e-01 -3.569426641114715082e+00
2.326611527200072027e-01 3.115627107135188201e-01 -3.616439424847677664e+00
4.234326361231432467e-01 5.765663230619616497e-01 -3.547136246747498944e+00
1.877502080750808044e-01 8.122492532476777161e-01 -3.652983537261866420e+00
5.411179848422860150e-01 4.588810256557923628e-01 -3.526285167058085257e+00
2.022416037295313995e-01 3.492364293241562168e-02 -3.693198161857347728e+00
5.126923961409602520e-02 7.325715128972111467e-02 -3.887495878652551973e+00
9.552603790197786160e-02 9.698041525892887871e-02 -3.792466077379828882e+00
8.398268808333773094e-01 1.601723231213583731e-01 -3.675189273092632991e+00
3.016062829677474966e-01 4.661168705653123134e-01 -3.563922971914599280e+00
9.389037321801433356e-01 6.109616437628322128e-02 -3.893670181484582216e+00
6.021900614982956961e-07 5.210618483790194766e-01 -3.590209565017246529e+00
2.963051128527617317e-01 7.036938829370524839e-01 -3.608186596348591291e+00
3.467589198470491518e-01 2.848517468755014659e-01 -3.599553367324673125e+00
7.209725147996012273e-01 2.790264693919880523e-01 -3.614901189160856898e+00
1.241846703348534475e-01 8.758151490646099990e-01 -3.727689792810530367e+00
5.664746824013178195e-01 4.335242953121584697e-01 -3.541370830419194871e+00
4.517926148693651167e-01 1.007851709963709798e-06 -3.598640129151996270e+00
1.886713275527916733e-01 7.247385593691859640e-01 -3.630817094882153206e+00
7.569179031245214517e-01 2.430811819299379117e-01 -3.628179297022012140e+00
8.087759764100527216e-01 9.530334813261147342e-02 -3.685460916278954890e+00
3.972256242384570868e-01 6.027728930107054683e-01 -3.561474189768924603e+00
5.114310478263273119e-01 4.885679710515821728e-01 -3.507533905559173881e+00
8.599356259839042727e-01 1.400641379208627246e-01 -3.700456390423683128e+00
1.259979152166415817e-01 5.056282382934006447e-01 -3.579907771871686961e+00
5.948018962005519050e-01 4.051966119246780407e-01 -3.557210092138376911e+00
9.436767322921100209e-01 5.632317396559037570e-02 -3.907272756288261206e+00
2.193493993711471135e-01 7.806497998256424209e-01 -3.637302506354534337e+00
1.061957191963453923e-01 8.938041656075763619e-01 -3.767068140354555617e+00
5.432296212459111207e-01 4.567689053121992138e-01 -3.527574329700737366e+00
6.321818700085138909e-01 8.981550944793510672e-07 -3.621954612470787538e+00
4.772951216945050396e-02 7.044607680526261406e-01 -3.640566555817009053e+00
3.882304281470045360e-01 6.117686091408180982e-01 -3.566184602123913194e+00
7.805993452785795483e-01 2.193999032074594180e-01 -3.637281741226351173e+00
6.570215726022956559e-01 2.582410502576953926e-01 -3.605258926934865382e+00
1.612895406514534002e-01 3.201991427796768153e-01 -3.624358447459052446e+00
4.606341913127022236e-01 1.016690363183904009e-06 -3.595946943267116946e+00
2.193465214320674261e-01 2.291602953413881053e-02 -3.679743833651138551e+00
3.863968729040008765e-01 6.136016391842976647e-01 -3.567131363783379250e+00
3.425892873687264584e-01 6.574095973905670354e-01 -3.588424130177583660e+00
3.234611843431278722e-02 5.854025782500944519e-01 -3.609079461096692309e+00
1.897041725550824728e-08 1.897042958284851432e-08 -4.000000000013939072e+00
3.382872259826838479e-01 6.617118162549541216e-01 -3.590377857525635985e+00
1.931758563442634215e-08 1.931758499135675808e-08 -4.000000000014583001e+00
3.791412152668069413e-01 5.754389157993450299e-01 -3.558666638934579574e+00
6.938574095994715085e-01 3.061415462924553244e-01 -3.604213038606503439e+00
6.419826231485296834e-07 2.414977891845847269e-01 -3.665275157087291014e+00
4.308338824281462420e-01 5.691651974147161619e-01 -3.542921182439197292e+00
4.540435527024827556e-01 5.459554724108982571e-01 -3.529229340109897528e+00
7.232639928981265953e-01 6.148547633818322315e-07 -3.648381819050814379e+00
8.622320556670978463e-07 3.329116455929853613e-01 -3.631030148529081014e+00
1.121678113956866146e-01 7.380983515497270275e-01 -3.645365762379836561e+00
1.241774433095105040e-07 9.978620868428952906e-02 -3.865956693390324883e+00
3.917703638194849347e-01 6.082281514677440049e-01 -3.564343672209705716e+00
2.691115079244242495e-08 2.090455552161506192e-01 -3.689592480391707063e+00
1.295170322281863073e-01 1.921421256846530812e-01 -3.671516978932351627e+00
2.217673736128187301e-01 3.630633676387463886e-07 -3.678778792245342988e+00
8.675907015050959847e-01 1.324090662891200532e-01 -3.712717017983075074e+00
4.757723401642267591e-01 5.242261341049682111e-01 -3.515759969671291785e+00
2.121334198613440414e-01 7.878658994081934042e-01 -3.640368906226749246e+00
2.430405495972411470e-02 8.953250183640419635e-02 -3.880560878260476798e+00
2.494287409844972488e-07 1.547805442318408442e-01 -3.759295068194531630e+00
8.553305161281073987e-01 8.236583345332132433e-02 -3.740814290986471224e+00
5.015635403175799922e-01 4.984350175628703972e-01 -3.501041209647743013e+00
1.931950093935391009e-08 1.931950836301510285e-08 -4.000000000014567014e+00
2.955213725725037710e-01 7.044776528877569888e-01 -3.608498262608844875e+00
3.045923061393630560e-01 6.954066987844170766e-01 -3.604846645294287111e+00
1.034238981382796779e-07 8.617083245696106897e-02 -3.894143938642873337e+00
2.130025062160482995e-07 1.637332354381742239e-01 -3.744974962707764199e+00
4.876739829911759250e-01 5.123244507228498223e-01 -3.508115548332675360e+00
4.832417032490741293e-07 7.428900013177898165e-01 -3.656861158395241063e+00
2.844317306975718274e-01 5.057477047817811044e-01 -3.558271115357392489e+00
2.431564775200268647e-01 6.934695378128184762e-02 -3.658987573505398494e+00
3.685987826020287184e-01 6.313997421019065248e-01 -3.576090014873736234e+00
8.496304151469979971e-01 1.503693004989297699e-01 -3.686338047950551200e+00
6.747134723007975898e-01 8.714545446989520044e-07 -3.633075860347636077e+00
6.928026565662215308e-01 3.071963110728690993e-01 -3.603779979576597015e+00
3.411838702034638571e-01 4.192427277335844527e-01 -3.569276518141777377e+00
9.144070343058166741e-07 3.052019858039438094e-01 -3.638780911812209418e+00
5.050352561457797096e-01 4.949632408207990109e-01 -3.503340430867030619e+00
7.140892602202233430e-01 6.041726285520812456e-07 -3.645013473234770984e+00
4.315057388387600890e-01 5.684932798696952228e-01 -3.542534918675682487e+00
4.577230143356237346e-01 5.422759984757355989e-01 -3.526992793790903580e+00
4.010925466105959569e-01 5.989059422995729465e-01 -3.559416143009877853e+00
5.940720458080286370e-01 4.059264192803075377e-01 -3.556815435977430884e+00
5.954858572841426056e-01 1.242248180113897545e-02 -3.612163866098637488e+00
6.955648579553598276e-01 7.625474130047834547e-07 -3.639011565059221187e+00
1.487615261739764745e-08 1.471747002696385753e-08 -4.000000000039101167e+00
9.587613842530101524e-07 3.986551764245118146e-01 -3.613809340210476506e+00
1.252428978447323316e-01 1.556614618870630475e-07 -3.813586085257183900e+00
4.806309615340983443e-01 5.193675293849143726e-01 -3.512662102366141070e+00
6.459777821322238989e-01 3.540212242397355324e-01 -3.583113615742565372e+00
