5.476420587717379940e-01 8.563233136181904737e-01 2.389543316772982928e-01
3.347263374504563793e-01 1.334726391340446794e+00 1.774764851661558007e-01
1.341804326965739536e-01 3.995819816330882235e-01 1.135332034182268801e+00
6.650174444330186896e-01 1.239504073597545331e+00 7.971277997052464426e-02
2.695949721645690134e-01 7.265043552743247757e-01 3.844768567720007191e-01
5.050091236727755062e-01 4.049176533439979853e-01 6.051006532451060904e-01
5.000939431211018915e-01 5.138016770342871409e-01 4.863862246878746798e-01
-2.216734894984271481e-02 1.052022546389780544e+00 5.958535146052595932e-01
5.017076564324057797e-01 5.601480711550764768e-01 4.432672123804981545e-01
-1.375600556014221487e-01 6.602889191487194553e-01 1.035125642245477762e+00
3.187719870515463017e-01 1.910104206001434768e-01 1.260445907540688637e+00
5.033456954541333239e-01 4.215446256783912937e-01 5.851467906586717005e-01
-4.340407148061647263e-02 1.047876373886233781e+00 6.102629651051666437e-01
1.199714628293512553e-01 4.230710425194123547e-01 1.122192811865440731e+00
8.835102253458237964e-02 6.148567089648532269e-01 7.042971434852974832e-01
8.055748453267698173e-01 1.805574845326769928e+00 -5.811037518551667169e-01
2.908021492557855137e-01 7.799077780108574220e-01 3.409620911608445826e-01
-1.000000000000000000e+00 1.000000000000000000e+00 1.000000000000000000e+00
5.750279649937303228e-01 1.575027964994056173e+00 4.525433122404984299e-03
1.703538062585029100e-01 1.170551738279379084e+00 3.445935023664316588e-01
-8.036609367730815356e-02 6.320727591880758167e-01 1.042012685872504951e+00
5.898265544828287243e-01 1.657225919269567915e-01 1.013681695886552436e+00
4.376633656628179936e-01 1.437663365976332264e+00 1.112840359623651770e-01
6.390553251612850483e-01 1.166417220151469536e+00 1.079383833298234174e-01
3.400733922042671886e-01 3.536405396358197062e-01 7.177841750683330302e-01
5.215908385293112071e-01 3.137886467021774317e-01 7.293928895440122684e-01
7.808135769899270384e-01 1.530231471605482785e+00 -1.766942432457638545e-01
6.896620517842720621e-02 1.083978163491887470e+00 5.043984416412433669e-01
-8.964940554454708943e-03 5.859872615236021431e-01 1.054991165482013438e+00
1.131048261339638872e-01 1.116115002745986740e+00 4.346019393599682701e-01
-4.838470484425760887e-01 1.013951207838118762e+00 7.777207454661485553e-01
5.173083029600080707e-01 3.312527971615015776e-01 7.033637710141733557e-01
1.084197513608723407e-01 4.807656453089478865e-01 8.889065182398696585e-01
6.394101872189261737e-01 -8.952776653265503981e-02 1.595151123217550815e+00
1.938271623757498174e-01 3.132325388818276712e-01 1.193888787594264755e+00
-3.582694903381404838e-01 8.849660408344390827e-01 7.749463923871300342e-01
5.764108474797247084e-01 9.673351294009796542e-01 1.853928356042070791e-01
6.532525599130992733e-01 1.206881646146133580e+00 9.275751353179587100e-02
5.858826102302355787e-01 1.000328340700141760e+00 1.712475473360576816e-01
-6.403061720890866892e-01 1.008647867636975448e+00 8.226600439820335176e-01
7.495158178177193653e-01 1.455938398756793095e+00 -7.284426544963236438e-02
5.067830601607636876e-01 3.903093851033319628e-01 6.232567272093735289e-01
7.903184788371067082e-01 -2.143221147102613300e-01 1.552313866749891691e+00
6.312709920497707738e-01 -3.173390003152048999e-02 1.473524830126473173e+00
5.453954555179816310e-01 8.467107995538569742e-01 2.440751207484366803e-01
-1.409255957903876311e-01 6.617963383973358704e-01 1.034779020238322911e+00
-9.440859364787888008e-01 9.339881512138188402e-01 1.001126902997776957e+00
6.998064003143648903e-02 1.084561251832439455e+00 5.029729031323638688e-01
-8.105463196910230039e-02 6.324474032732583240e-01 1.041916167147071581e+00
5.613092622413466959e-01 9.114785743709802324e-01 2.111139560958543715e-01
4.645853039183418520e-01 1.397182138074251512e+00 9.725577425158656031e-02
6.416801565744859603e-01 1.173996242768897691e+00 1.051453470045144445e-01
6.595706380728642015e-01 1.659570638072868975e+00 -1.359675674110976396e-01
5.796627900026382063e-01 1.259257944982736355e+00 8.049694352143466070e-02
5.364371008189063872e-01 8.063894350288880464e-01 2.664831803366690122e-01
-7.556292982541254477e-02 6.294306197171760653e-01 1.042697346961882987e+00
5.928697998520865431e-01 1.023845073379436421e+00 1.615894436926263722e-01
5.126212830406454701e-01 3.537421784420911597e-01 6.715003634608058825e-01
6.886964968730074910e-01 5.010698389424270149e-02 1.303019636007161530e+00
5.221657963190495799e-01 7.327163828190986772e-01 3.116150030193560183e-01
3.514516869015381073e-01 5.714121569753694008e-01 4.585098663836457145e-01
-5.890787944470806670e-01 1.010239257021007697e+00 8.078608291092562732e-01
8.746024970311770952e-01 1.740168802033696061e+00 -6.274385467783087922e-01
-3.092303958242861861e-01 7.248175973003576633e-01 1.022093195290029177e+00
8.191074882313315042e-01 -3.435601661778051041e-01 1.617991163420289258e+00
3.717234648767256400e-01 1.138015251571187214e+00 1.747879357249623455e-01
5.079401744106536443e-01 6.641194292105061237e-02 1.507940174419990731e+00
2.391542421140400443e-01 1.239160649671035230e+00 2.610774283053817202e-01
6.870506833184542028e-01 5.237465297558360766e-02 1.298688971024491323e+00
-2.444071406564209126e-01 7.027527836999031274e-01 1.026145753176761710e+00
5.672062025636285254e-01 1.567206202564110917e+00 1.345341911217882297e-02
6.859080938623600687e-01 -1.990707981022040163e-01 1.685908093862360513e+00
5.390045575212326634e-01 2.597011351401242174e-01 8.183056930468051160e-01
9.041195783762261406e-01 -8.483903433828534624e-01 1.849062005539718001e+00
5.101434683142992421e-01 6.525756654669208068e-01 3.677112556898416984e-01
5.588531133051944932e-01 9.019365634739239246e-01 2.157490475870054714e-01
8.327111701238206765e-01 1.648445392231277395e+00 -4.109311420050105190e-01
4.352646198366630914e-01 1.127107360080028542e-01 1.435264620190129570e+00
5.803164656724313364e-01 9.662883762699693568e-02 1.209512736187985382e+00
-3.939274542265750467e-01 9.327646122124613193e-01 7.652060585139008886e-01
-2.982205191551317580e-01 1.022729403447504515e+00 7.212039256019033839e-01
6.712059668196872497e-01 7.250901914879462340e-02 1.256365617889871888e+00
-9.847499683714328045e-01 9.655890935957126553e-01 1.000301233158252145e+00
-3.277229039074995853e-01 7.498731836120298144e-01 9.175394667580387686e-01
5.867238260663271143e-01 1.003194305424296662e+00 1.700524452216796434e-01
-1.787548684685443257e-01 9.060008415713450836e-01 7.007853695844015185e-01
1.064259304484171526e-01 1.110426478464499711e+00 4.458168831867801440e-01
5.992086554422469957e-01 1.044649259441460476e+00 1.533099567832172938e-01
6.444036605266303397e-01 1.181811599642938804e+00 1.022465319730247596e-01
5.141059855169991533e-01 3.461417161798517883e-01 6.820702418404751555e-01
7.531893172298343986e-01 -3.900776152332540159e-01 1.712811739025617008e+00
-6.695922881587791364e-01 8.312641364293648083e-01 1.007790378538273135e+00
6.382618484082892563e-01 1.087832132446821393e-01 1.164117033534021406e+00
7.673599782492849242e-01 1.498605446223149507e+00 -1.282407785837826331e-01
5.072603887032683945e-01 3.867580722235391955e-01 6.277627351917082210e-01
3.279702712834179357e-01 1.029506030072755873e+00 2.221522861583524744e-01
5.032042768665966337e-01 4.231506527252444361e-01 5.832579317762421889e-01
5.474666192953626664e-01 2.393478916683858260e-01 8.555790028547907156e-01
9.348715913896855634e-01 1.867471834408295894e+00 -8.903719451065036372e-01
2.169134045866663030e-01 2.854111733236913695e-01 1.216932874431170042e+00
6.468972701199797726e-01 1.188925363205405539e+00 9.958715038514584506e-02
-8.202470720902836909e-01 1.003868880789176243e+00 8.794682250163646797e-01
-1.000000000000000000e+00 1.000000000000000000e+00 1.000000000000000000e+00
-2.793580434604870377e-01 7.148952212023444996e-01 1.023865687217388132e+00
3.582957477357296416e-01 1.358295764317470011e+00 1.608226431887773700e-01
7.144382275249043790e-01 8.635869419729561014e-03 1.369324739575670247e+00
6.903728464724943059e-01 4.775720060428549629e-02 1.307418705094885336e+00
5.042933908720919067e-01 4.116282754248369868e-01 5.969585510849324539e-01
-2.070540080540412831e-01 6.889793745659190671e-01 1.028883745313291520e+00
6.503074884546927725e-01 1.650307488454699989e+00 -1.160753259965346673e-01
5.551009272178055731e-01 2.231199731307316469e-01 8.870676304176030591e-01
5.054123166848790705e-01 4.013709337912148012e-01 6.094536704028389318e-01
-2.846883622935268976e-01 1.023538391091797672e+00 7.166938630858538106e-01
5.023762000140497008e-01 7.040301609973223518e-02 1.502376200026381836e+00
-1.606783609577979444e-01 8.835303074762397291e-01 7.025556982211366153e-01
-6.489931598067619767e-01 8.251983784280556566e-01 1.008389771636403864e+00
-4.785761727088930773e-01 1.014155798437121447e+00 7.761995130641841101e-01
6.956194734621322651e-01 -2.247485653747027801e-01 1.695619473462133042e+00
2.945986078826234866e-01 8.995708220340172812e-01 2.834856723273339041e-01
-4.361620321852799353e-01 7.900582153370900862e-01 9.039726489288619771e-01
5.637911534320803053e-01 2.065718514190883204e-01 9.209778400610639792e-01
7.033933911305826348e-01 2.795732502819497922e-02 1.341191812928451466e+00
1.104853232367462162e-02 5.693616993926622349e-01 1.060240498967903955e+00
7.604492809118265084e-01 -1.055906724149384968e-01 1.482182296526411758e+00
5.747705126975629630e-01 4.828283848049036431e-03 1.574770512681333390e+00
5.681981280746869478e-01 1.545479483862104153e-02 1.515426319919803255e+00
-2.556158393202532797e-01 1.025387756279996676e+00 7.067170404619492752e-01
1.174185348337039442e-01 4.445932362887450862e-01 9.663389256403794869e-01
6.054226677861089811e-01 1.064601689874845825e+00 1.455763140483027906e-01
3.198806239457175904e-01 1.917962032133698203e-01 1.235606925438498482e+00
4.358916929738888002e-01 1.116122435785466438e+00 1.543176849562402086e-01
2.376885687948930015e-01 2.626130456935811819e-01 1.237695463387097350e+00
7.558378920494466247e-01 -2.702706868171933507e-01 1.595845968720061459e+00
5.582599681140336667e-01 8.996101915478762479e-01 2.168902812678920600e-01
5.785279185421647874e-01 9.748306515711691045e-01 1.821147836995625768e-01
5.120388345969852928e-01 6.672085846329768311e-01 3.568690512824301275e-01
5.022179113244658044e-01 4.356160080006044044e-01 5.688198044775024664e-01
-1.325215388533843019e-01 8.555955530638588158e-01 7.036939809801493473e-01
3.748884391617894329e-01 2.775597023468617808e-01 8.313578817427311751e-01
6.628572140653045119e-01 -1.433132268349713301e-01 1.662857214065308398e+00
5.846737383017245326e-01 9.961921595999490009e-01 1.729814980644366895e-01
5.183080018605096262e-01 3.269548558169621533e-01 7.096610589773644229e-01
5.242728997002458202e-01 7.446041444415044674e-01 3.039414513114923055e-01
-7.483542665329691035e-01 8.553512598561514579e-01 1.005647218820233224e+00
2.437781554270324058e-01 2.562923114130000180e-01 1.243783240699019021e+00
5.258406663392299896e-01 2.985050700517472566e-01 7.531759210609262345e-01
7.672922772746482156e-01 1.751281032632259205e+00 -4.461415151186390871e-01
5.171228386308878155e-01 7.021785731597486313e-01 3.320669983479005438e-01
7.578055366100241441e-01 1.475866167558251174e+00 -9.732761212424875796e-02
5.567696737375366078e-01 8.937257294723091050e-01 2.197967868951156423e-01
5.156139661980997380e-01 6.923283234784598505e-01 3.388995920931318628e-01
-2.042279781401392658e-01 6.923897619417110905e-01 9.739221718408749284e-01
8.956562811685765679e-02 1.097283731634804305e+00 4.734769290614354031e-01
7.049560511714256794e-01 -2.506121089276034941e-01 1.704956051171425679e+00
8.061662170120054149e-01 1.588682940969087909e+00 -2.828698759415810837e-01
5.099257519959768947e-01 6.508213386574769332e-01 3.690302102870111622e-01
1.455791119748341689e-01 9.889528313803928050e-01 3.977517155765422641e-01
7.764333793187130350e-01 -1.602892850448324191e-01 1.519982537585705229e+00
5.231403910856946560e-01 5.483092056749364063e-02 1.523140391089806700e+00
5.058872004615192486e-01 3.973773917762483121e-01 6.143969811631815325e-01
5.007134679930907994e-01 4.629384509897577771e-01 5.384885014473854703e-01
5.321054907015644320e-01 7.855044043674086485e-01 2.787057123293847360e-01
5.001537720061778325e-01 4.826155797226974742e-01 5.176920092144372543e-01
6.899740146612284297e-01 4.831998485727159731e-02 1.306373204836710045e+00
8.449106503525681544e-02 4.814539719722992772e-01 1.093716284967853669e+00
6.106117607710395134e-01 1.393679596199285942e-01 1.080955801762016888e+00
4.857645408214202321e-01 1.671722195673505940e-01 1.033013662509299158e+00
7.123897581120403055e-01 1.712389758112040639e+00 -2.719975159187876246e-01
8.655474989929763385e-01 1.720588446747687295e+00 -5.808546725837705482e-01
6.604815170385652801e-01 1.660481517038569832e+00 -1.379882878161582949e-01
5.449775084293498884e-01 2.450476475612768656e-01 8.449026562972344889e-01
1.983769652710765385e-01 3.481574948043557605e-01 9.324416744951556923e-01
7.312820010212112143e-01 1.603768049307350729e+00 -2.503347416662835556e-01
-3.401269946738012528e-01 7.347214342066034076e-01 1.020403570790832548e+00
5.138977866413120266e-01 3.471776443594524753e-01 6.806179275111778892e-01
7.658576108251583525e-01 -4.430024339049703497e-01 1.765857610825114055e+00
2.455441700465603450e-02 1.064436538210202121e+00 5.567494670850428040e-01
5.139317621037546857e-01 3.470080433663179642e-01 6.808554443978797055e-01
6.998425047125748089e-01 3.364984695689100802e-02 1.332049042062681821e+00
8.029650292326262484e-01 -2.684748474246846928e-01 1.581379923924600250e+00
4.845968319763894194e-01 1.136063191776290893e+00 1.355910085599119352e-01
8.745117175126541076e-01 1.739973128524985757e+00 -6.269756856949533219e-01
6.402922360542621094e-01 1.169994511539815818e+00 1.066220025296577001e-01
7.496034930951337438e-01 -7.309031533860542440e-02 1.456148702363577296e+00
-2.630927142082685743e-01 8.248738841361500373e-01 7.808117297583561101e-01
3.415775793799587234e-02 9.708901106180679585e-01 5.560604764360320695e-01
4.675823533741997329e-01 5.568238283525571708e-01 4.473626108666078904e-01
5.728499274558593868e-01 1.910727429354535656e-01 9.545564052546136047e-01
1.013542908063385511e-01 7.478044676557829007e-01 5.616616821910903612e-01
6.259757654117014125e-01 2.794936286201821912e-02 1.363095001437199638e+00
3.362215338652863594e-01 4.955579275301612574e-01 5.373655565256370004e-01
6.039383600270299413e-01 1.603938360027106658e+00 -3.378613640158217857e-02
6.202020275754510648e-01 1.283802229455693333e-01 1.110512332591185647e+00
6.281599531792315672e-01 1.196230825999832909e-01 1.134440375922754374e+00
7.035171501666181992e-01 -2.465527701916125358e-01 1.703517150166618865e+00
-1.067069940928004612e-01 6.457409757847818454e-01 1.038580777441399094e+00
2.697731290003499982e-01 1.269774515502269274e+00 2.309684200994617798e-01
-2.955716374467937668e-01 1.022885356781171540e+00 7.203272183603258716e-01
-4.947174177569492737e-01 1.013535520891880592e+00 7.808510057914507252e-01
7.265487301507235485e-02 1.086133298975944683e+00 4.991637972803469880e-01
6.429478981360307044e-01 1.177640239728883653e+00 1.037964033234869826e-01
5.002675216723694307e-01 4.771359122074000925e-01 5.233991597624017000e-01
5.072614823733007094e-01 3.867501038975640903e-01 6.277728871323193793e-01
5.000005628673298563e-01 4.989099302389378709e-01 5.010912592823438816e-01
5.144968719931856116e-01 3.442212173052194846e-01 6.847725451969518540e-01
1.398519913478657450e-02 5.667305971824030397e-01 1.058652889231667116e+00
4.817842754391564730e-01 8.427799231252629253e-02 1.481784274539516666e+00
5.019495907483378927e-01 4.395061669909625657e-01 5.643930138332984292e-01
7.019319327722287616e-01 3.032881508887061428e-02 1.337434751802311972e+00
6.258463893678058998e-01 1.625846389367830991e+00 -6.919351019430886041e-02
5.021308345222691427e-01 5.674126982617638815e-01 4.368490199157383236e-01
4.514135495050469737e-01 1.274301258507593571e-01 1.212870676550549032e+00
5.037577984139148812e-01 5.904504247183984811e-01 4.170651846919913308e-01
1.240863131303346772e-01 4.161992261538966509e-01 1.125929132919413878e+00
3.596179860696393504e-01 1.599236192161672676e-01 1.359618001593303038e+00
-3.833583672627698113e-02 6.069690929782536326e-01 1.048804669076502272e+00
1.710968068323949209e-01 1.099874243468158985e+00 3.466358209271904189e-01
5.444069404465194939e-01 8.424234775277261722e-01 2.463859207161586684e-01
6.964898176548448006e-02 1.066859068589306458e+00 5.037041167965707888e-01
-8.826717302104575280e-02 1.040928537733568193e+00 6.363124840057341469e-01
-7.687891269666405347e-02 6.301595772024616293e-01 1.042507754915892537e+00
7.193719962790086075e-01 -8.658922525576692730e-04 1.381749564224491245e+00
5.270686842917625681e-01 2.943937947675728806e-01 7.597432304982471019e-01
5.112600621772694920e-01 6.613271061801678785e-01 3.611929980364028681e-01
6.311896444912246107e-01 -7.875042040441339319e-02 1.631189644491244373e+00
6.346061901108164260e-01 3.377931539468873728e-02 1.346197291523130612e+00
-4.699400242975693143e-02 6.187190205123909159e-01 9.742434618631844456e-01
2.907664880522369266e-01 1.290766973424779751e+00 2.122861866324365909e-01
-5.504193791876395014e-01 1.011526977681111328e+00 7.967994509770397471e-01
-2.203526351154805329e-01 1.027868689830148563e+00 6.939903297637978197e-01
-4.498126390424571075e-01 1.015309121155651972e+00 7.678490544324738654e-01
5.018310211025700518e-01 5.623457390246541232e-01 4.413162924333340897e-01
6.418302116952173675e-01 1.049857033472976764e-01 1.174428106004404615e+00
8.219502055781272576e-01 1.821950205578127147e+00 -6.378705568019281680e-01
5.287350464009449302e-01 2.890052407052237093e-01 7.684643651836928768e-01
5.317310012721564449e-01 7.836478233857662179e-01 2.798134059451158340e-01
5.459944356726379455e-01 8.492912525980071958e-01 2.426923172067169676e-01
9.351864380712211766e-02 4.671292520186410835e-01 1.100192161908433608e+00
5.548125730395953026e-01 2.237017757528120543e-01 8.859095439483872791e-01
5.242200705563755392e-01 3.041285211253369480e-01 7.443114217660022902e-01
9.058431643699570157e-02 4.718515538750386318e-01 1.098022463678363980e+00
7.021890571861080232e-01 -2.428295242843585000e-01 1.702189057186108023e+00
7.960543392243294436e-01 -3.693464581637078137e-01 1.634762104071573852e+00
5.293411704284870511e-01 7.715856119841755234e-01 2.870961687612513247e-01
7.364861572016815350e-01 -1.168117730274629701e-01 1.493553089269086032e+00
9.261388305949462829e-01 1.849327710381748924e+00 -8.599135408302497341e-01
5.559619265200205218e-01 8.905122089100212524e-01 2.213961094327490664e-01
-5.638713966670770850e-01 8.006439751688418927e-01 1.011069751875665723e+00
5.005079834138216333e-01 4.686332894337184030e-01 5.323827075731293323e-01
5.939524194745114949e-01 1.027432361605140620e+00 1.601448618532344548e-01
6.336773561627047080e-01 1.150740907399802948e+00 1.136777580336422594e-01
7.573635081809000358e-01 -9.596880288629260070e-02 1.474809195508368198e+00
-1.646078650648610808e-01 6.720271050941228896e-01 1.032481918044832359e+00
4.014294801169044913e-01 1.863205439045419742e-01 1.041643629293830697e+00
-4.743879673392671359e-01 7.749889843786100796e-01 1.014319711305034177e+00
5.961093632881300231e-01 1.034536966684107995e+00 1.573050959899087720e-01
7.056365629042956611e-01 1.346942345358655757e+00 2.423716390977982693e-02
6.400167239970013799e-01 1.069151575279516930e-01 1.169198618982094207e+00
5.326785520657377759e-01 2.770271896009902646e-01 7.883289789783431978e-01
9.579145115793796794e-02 1.101914359935881604e+00 4.634337886129616391e-01
5.013434898732221923e-01 4.495069608809655892e-01 5.531800671780320311e-01
5.603405824283171910e-01 2.129249149257688989e-01 9.077324442635594792e-01
8.341885020483936763e-01 -4.184191122896167570e-01 1.651731790228921470e+00
-1.181147445052282141e-01 6.512833669394912928e-01 1.037240781454842109e+00
8.805765073961387968e-01 1.753017358551358651e+00 -6.576526806661248115e-01
6.732938940825059504e-01 1.262010965961039455e+00 7.000756004374372732e-02
1.202869131243881062e-01 1.122476929070252982e+00 4.225428484469029300e-01
5.208769391486713918e-01 3.165390985567649862e-01 7.252146712357171454e-01
-2.093299002531350261e-01 9.034275841563220721e-01 7.138548247058933427e-01
6.258967667435689775e-01 1.018772879774744733e-01 1.183605696408261299e+00
3.713385527741350778e-01 1.755710220794715892e-01 1.134991973771017237e+00
7.845826236423139033e-01 -1.912850239136295594e-01 1.539012310769039216e+00
5.550986680839459231e-01 8.870586065706620449e-01 2.231245022077219808e-01
5.315906033413315690e-01 7.829493881911222530e-01 2.802310221493873876e-01
5.160913877878452460e-01 6.954870247026821994e-01 3.366957181196758020e-01
8.046516535943895043e-01 -2.760267865833587742e-01 1.585230549591593707e+00
5.814064094024804508e-01 1.777686920002575777e-01 9.849070653450417989e-01
-7.594746758099305550e-01 8.589123786176785513e-01 1.005361862858608513e+00
-2.440405267468807871e-01 7.026219123299318747e-01 1.026171003618397970e+00
7.555119069542690635e-01 -9.033789048075381578e-02 1.470371208510641736e+00
-1.464920635038500785e-01 6.642589029558312319e-01 1.034217304767819368e+00
-9.320141647410047359e-01 9.271200015536881223e-01 1.001378584277019534e+00
5.335023407675839602e-01 7.923550826662647539e-01 2.746485603189728897e-01
2.329497266839620773e-01 7.438531912642766253e-01 4.007265904789369948e-01
8.941131450713918349e-01 -8.593807057135971483e-01 1.893777201220387951e+00
5.000063268900259983e-01 4.964470000627278501e-01 5.035656687700877931e-01
4.721489563493923014e-01 1.333234161655667549e-01 1.156948213826511029e+00
-3.573638544525534200e-01 7.801393161121137343e-01 8.754168206396557572e-01
5.706337082385340986e-01 1.947191800873815382e-01 9.464892961152423512e-01
5.536109213718813926e-01 2.261511538309843861e-01 8.810584455834875595e-01
2.458229655762293464e-01 9.285166037265508709e-01 3.063466338162516567e-01
1.154232740281368602e-01 4.307039360469280265e-01 1.118143165746597223e+00
-1.000000000000000000e+00 1.000000000000000000e+00 1.000000000000000000e+00
7.692310303878994171e-01 1.503030772046154206e+00 -1.346354328379442689e-01
-2.987254657455198914e-01 1.022699804090274167e+00 7.213707209252119279e-01
-1.634343238839315038e-01 1.032590299919816657e+00 6.715346259867390755e-01
9.289616659525746778e-01 -8.701156336509112688e-01 1.855203194305257597e+00
4.603748484178850353e-02 1.072580085383008308e+00 5.337662571131694955e-01
-1.802842351299510926e-01 1.031083149960122958e+00 6.784748689449113801e-01
3.527199340519142634e-01 1.352719955969033716e+00 1.646529654471453885e-01
5.581021105903896107e-01 8.989896098446115147e-01 2.171954630812897580e-01
7.335296440243842531e-01 -3.151301786946157646e-02 1.416946850670354641e+00
5.022886422358452396e-01 4.346326128670587874e-01 5.699447289315131560e-01
-1.597235720682807503e-01 6.699679425836954083e-01 1.032936553045062933e+00
2.421721333013454047e-01 2.579441830047662920e-01 1.242177643652630614e+00
4.941671331607508377e-01 1.408554701627347416e+00 8.018136510921231030e-02
7.099433711610240172e-01 1.357929953978781024e+00 1.680988963933903457e-02
8.960148712582767239e-01 1.785975430800226471e+00 -7.327537780043715809e-01
5.845014510251176354e-01 1.584501451025319696e+00 -7.065614821652223265e-03
5.210820572685648244e-01 3.157427999665575191e-01 7.264212242606407077e-01
7.732780850232290337e-01 1.512572450334821683e+00 -1.488486387558594082e-01
5.688911721221416862e-01 1.976497763429854171e-01 9.400816633970410230e-01
2.877199332535419485e-01 1.160825100237663277e+00 2.224454087437285621e-01
5.734140892639851828e-01 1.901584530393386485e-01 9.565957350205410714e-01
7.546633205341358730e-01 1.468334562145551025e+00 -8.779382056746500018e-02
6.389071917618260876e-01 1.165988285867440855e+00 1.080960151629604959e-01
9.652154038925127300e-02 6.985149893458668657e-01 6.057692113674439938e-01
5.002093757930440310e-01 4.797462748526200582e-01 5.206724633293331461e-01
6.377167529190469475e-01 1.162534443160516684e+00 1.093638274290720663e-01
5.795468016012100820e-01 1.805621602359269717e-01 9.784121282330306979e-01
9.048244408527490457e-01 1.804629372871841442e+00 -7.730212561819331807e-01
6.840773141802086732e-01 1.684077314180210116e+00 -1.943732273304434044e-01
2.836097999827730254e-01 2.263448371849369756e-01 1.154548465774301924e+00
4.312971000282692091e-02 1.071352505518894160e+00 5.371147100776727523e-01
5.189431400793060867e-01 1.518943140084692445e+00 5.813742625626484861e-02
4.012948850709996962e-01 1.401294886552070684e+00 1.331278017268947567e-01
5.589719720546276749e-01 1.361713116033904214e+00 5.520620101927559836e-02
-9.492014482482398208e-01 1.001021179536117911e+00 9.371093798081220339e-01
8.297079942425921173e-01 -3.958011668235310032e-01 1.641752425098321755e+00
5.011653871358283663e-01 5.494435020092652833e-01 4.528872741220545950e-01
5.387466144680761460e-01 2.603682524677812249e-01 8.171228243358190646e-01
-2.930241301848491298e-01 7.194813015343030083e-01 1.023036428826317623e+00
7.285374473330049616e-01 1.404610528718985396e+00 -2.010480224888119838e-02
8.148993287857531076e-01 -3.234136567941116591e-01 1.608497885495238755e+00
4.924302136596848678e-01 1.073438494512447772e+00 1.524882232169030571e-01
6.750434016870990872e-01 6.788044198818629638e-02 1.266724797485966558e+00
7.404493189648208018e-01 1.433918037131193701e+00 -4.848034304806904393e-02
-3.920638440412665265e-02 1.048642698153661179e+00 6.075409042162934758e-01
5.133189510701148262e-01 3.501076356536593770e-01 6.765302692212138425e-01
4.622404159316704786e-01 1.462240273276723013e+00 9.652149912153679123e-02
7.468624639083071282e-01 -6.545646451367694019e-02 1.449518228750944937e+00
1.411008196333579656e-01 3.884599112460670467e-01 1.141928864494657692e+00
5.712888076986627484e-01 9.488833811088526193e-01 1.936320405140188050e-01
6.468000299422425048e-01 -1.088540701185359838e-01 1.646800029942251609e+00
6.324883491481314568e-01 1.147247224404649213e+00 1.149527237878988639e-01
6.099660382430978078e-01 1.078935132143657549e+00 1.401293563605268411e-01
-6.468359443859893476e-01 8.245670446067968617e-01 1.008453562902752232e+00
7.887538459621211695e-01 1.553880858541947241e+00 -2.170715557840977306e-01
4.630084686643463621e-01 2.052487482695710685e-01 9.432373176994244268e-01
5.666368694336747502e-01 9.317037244292208920e-01 2.015280933427317511e-01
6.813610064750278417e-01 5.993539687203199712e-02 1.283624937781169262e+00
5.564196247527140038e-01 2.204878016582549616e-01 8.923351596619290005e-01
6.298077279498180969e-01 1.139332425727973774e+00 1.178390806022908827e-01
9.902585933611617042e-02 4.581254904096377922e-01 1.104426111528774790e+00
5.991205754313696508e-01 1.534221732183702336e-01 1.044363373622042790e+00
6.834015898284380164e-01 5.727132468946541377e-02 1.289044339565015740e+00
5.105959225785934308e-01 6.561703272142985766e-01 3.650215603274789000e-01
8.083237431968086639e-01 1.593592800900258011e+00 -2.927174325403744115e-01
2.221281594851557961e-01 4.443849654113427028e-01 6.895412104721490021e-01
6.219609293238768100e-01 1.115845333475105061e+00 1.264212741727056832e-01
2.881436809065167082e-01 1.288144232806437417e+00 2.145409547142751450e-01
2.880601627944405774e-01 6.359097617832056848e-01 4.354517786889392506e-01
3.368679316057073825e-01 2.085317442804420496e-01 1.064111616655174064e+00
3.681324643188810808e-01 1.115914825371425945e+00 1.810382481097043972e-01
-3.520959271200906904e-01 1.019783701140346333e+00 7.384746103498301961e-01
-6.580259503019973977e-01 1.008124786063433920e+00 8.278495957189625498e-01
-1.360335560834566582e-01 1.035284651744980522e+00 6.596004665841882497e-01
8.052983980034389422e-01 -2.789419458959911946e-01 1.586705452488256007e+00
-3.382915996303737516e-01 7.341420413206629636e-01 1.020500256908689618e+00
2.420520144651194805e-01 2.580681623400242763e-01 1.242057558001511852e+00
7.621730616046201723e-01 -1.110979213916267888e-01 1.486290525295234755e+00
6.182154467596346903e-01 1.618215446759672327e+00 -5.618437006890225627e-02
5.068819701554720947e-01 3.895621433994084781e-01 6.242017941450864749e-01
5.001258155122488835e-01 4.842610624049976664e-01 5.159906289054442263e-01
6.080691582052862865e-01 -8.980993925870810191e-03 1.465894956830656071e+00
8.640901402876108861e-01 1.717424947022878623e+00 -5.732956454438999927e-01
5.695001494848459522e-01 1.472324080782647648e+00 2.116996009352659081e-02
6.455643089727755024e-01 -1.063503286141469217e-01 1.645564308972784939e+00
-7.819060145633965897e-01 8.730827558690518186e-01 9.618640748056067613e-01
-6.534345375805930001e-01 8.303805844780409728e-01 9.709031322731784819e-01
2.516826347034943623e-02 6.443243455909887230e-01 7.784571876785534306e-01
5.442624376164874045e-01 2.467266789282520356e-01 8.417938664345153699e-01
5.066670470050640418e-01 3.911935776036424284e-01 6.221405441663926394e-01
-5.379138841762570733e-01 7.932260060931791701e-01 1.011961280014341380e+00
5.210752948002088658e-01 3.157690888474848356e-01 7.263813510215015867e-01
5.885457628172671152e-01 1.674952733112975434e-01 1.009368324209303669e+00
5.039854715534954899e-01 4.147052038033849364e-01 5.932657634890141640e-01
6.425480679724946409e-01 1.443511616205890968e+00 -2.336549705918335162e-02
-2.652397232944689320e-01 1.024757667094047919e+00 7.100662811677858066e-01
6.001737505400073225e-01 1.047775734016874960e+00 1.520854445740499605e-01
-3.050947090041613019e-01 7.837548168427371786e-01 8.423252448695738304e-01
-4.373539441242532133e-01 1.015829179763827028e+00 7.642010433098365141e-01
-1.323189793542225434e-01 6.579125443480349222e-01 1.035676378621187554e+00
9.688978669711170721e-02 4.962089072951508806e-01 8.950719848436853310e-01
7.454216968633139428e-01 1.639045474183473461e+00 -3.118374124998197772e-01
-8.310792276672948065e-01 8.833836372763187450e-01 1.003613824478678529e+00
5.031746970813836262e-01 4.234909261620335430e-01 5.828585858921768725e-01
7.026119596551130275e-01 1.339183946058553065e+00 2.923040508999490833e-02
6.325133202284198841e-01 1.149258889165770403e-01 1.147320780918326122e+00
-1.578531008745296393e-01 7.422828027164997122e-01 8.143201736701941584e-01
3.356804733727119378e-02 5.475836721242528515e-01 1.067605736985234977e+00
5.103265294411963859e-01 3.666146349858286357e-01 6.540384673538971461e-01
6.648745092094969777e-01 1.664874509209500530e+00 -1.478968682744715712e-01
1.509539866479134990e-02 1.061435116835399928e+00 5.657129493442560886e-01
4.140253878462976656e-01 1.253938041218126687e-01 1.414025388868537680e+00
3.859560139467356765e-01 1.506501295295809006e-01 1.247638043595575175e+00
-1.000000000000000000e+00 9.999999999999988898e-01 9.999999999999948930e-01
-5.273347375701260553e-01 1.012335897050300915e+00 7.902015124696613046e-01
5.278873783595098290e-01 7.640542422835785441e-01 2.917200766553814106e-01
1.506817254570085862e-01 5.280771132617213537e-01 6.858802292521295474e-01
5.117249362572419136e-01 3.585912597575153793e-01 6.648586499765534175e-01
6.949994954962027682e-01 4.104938821412508487e-02 1.319498573883205905e+00
5.033814303046967309e-01 5.856184179144559021e-01 4.211444988255159116e-01
-7.959448557201473373e-02 9.722740412499347729e-01 6.376381196556865083e-01
-6.624876359553357741e-01 8.614808425676381276e-01 9.054566659188192368e-01
-3.773982321393702377e-01 8.245695943435060737e-01 8.274783490574246780e-01
7.309651077287654397e-01 1.410619716621617448e+00 -2.556781927744789656e-02
3.082310842564075504e-01 3.759975389764813047e-01 7.050187210157287110e-01
8.852730264869619337e-01 1.763080630850164310e+00 -6.810105444522353002e-01
2.715041782843164442e-01 2.293713049492955569e-01 1.271505449836143553e+00
5.829827616007997593e-01 1.754402109540796340e-01 9.903715750796625583e-01
2.013398980267934457e-01 6.316787724404916426e-01 5.078644264880416426e-01
5.976581463934367289e-01 1.039604198933343548e+00 1.552964325165570592e-01
7.824744347637070385e-01 -1.830693784300963523e-01 1.534104667008149736e+00
5.088378984515995462e-01 6.417882898027345018e-01 3.758875087425456174e-01
2.040796125430573427e-01 1.204116566850497616e+00 3.005310392293085164e-01
5.608428492764520046e-01 1.075487153535097801e-01 1.183500194171544617e+00
6.320140989670778309e-01 1.145850809218246003e+00 1.154621089353916052e-01
6.632013081833149082e-01 1.472594611918093044e+00 -5.638274883686198585e-02
5.211248333621778528e-01 3.155774306928352813e-01 7.266721086220734316e-01
5.002613521871982494e-01 5.231244369101685221e-01 4.773982833220727362e-01
7.591075407233880412e-01 1.478978967725984806e+00 -1.013691712711177612e-01
2.715341203488680355e-01 2.602766843854826262e-01 1.019539559565309172e+00
5.179750760545861477e-01 7.075803661885554652e-01 3.283697235841612772e-01
8.936981591067651998e-01 1.781051727063853285e+00 -7.218182688642010847e-01
6.575290652299584648e-01 8.809248093581475980e-02 1.218829470229977785e+00
8.101635339591836127e-01 -3.012044210554669088e-01 1.597771978836326934e+00
5.037377255982034008e-01 5.901984436334397621e-01 4.172770108973268277e-01
3.996539146703121936e-01 1.399653916249408159e+00 1.341361625868842111e-01
4.985430800424496267e-01 7.830033254961228650e-02 1.403084055718508694e+00
5.249846355496655681e-01 3.014461936278395315e-01 7.485228401748008631e-01
6.574724424700050252e-01 1.218671848960644510e+00 8.815477632083711101e-02
4.983657868879232122e-01 9.818836863876008181e-01 1.842232191957300924e-01
1.269246576229522971e-01 4.881435213759136027e-01 8.059627256575140342e-01
2.121591701976147937e-01 1.212183858206305365e+00 2.909149937987463574e-01
-3.923150095341876309e-02 1.002805981805686253e+00 6.099449980097667590e-01
5.258109977201301799e-01 2.986059086495339576e-01 7.530157691904763029e-01
5.495559197385698758e-01 2.347276094666402857e-01 8.643762238229680817e-01
3.437424156653927643e-01 1.727616167100063382e-01 1.279050213130982661e+00
-1.000000000000000000e+00 1.000000000000000000e+00 9.999999999999997780e-01
5.523016938329661230e-01 2.288664274298765622e-01 8.757263230685157218e-01
-1.000000000000000000e+00 1.000000000000000000e+00 9.999999999999997780e-01
4.748780068814864030e-01 3.240000831964447436e-01 7.165955763966820324e-01
5.751617987091356410e-01 9.628776586369697243e-01 1.873608841799485614e-01
4.174528738191463084e-03 5.753256038114488158e-01 1.058321182181074738e+00
5.095677634584808713e-01 3.712364526827450772e-01 6.478990913394981899e-01
5.042238847346471875e-01 4.123119796701308903e-01 5.961358202005694329e-01
5.231108034183374889e-01 1.523110803422710546e+00 5.485454284694879501e-02
1.069095544126070774e-01 4.450068723682249483e-01 1.110830123513372403e+00
5.573707944729339170e-01 6.390271286049283017e-02 1.333035171682348974e+00
-5.978700801698455525e-01 8.103848700749698430e-01 1.009957287443588259e+00
5.234269748395317112e-01 3.069689833706054638e-01 7.398847745649990149e-01
-6.877744117400726165e-02 6.256089337240577919e-01 1.043700044155428719e+00
-1.455093679705527637e-02 6.694090067305060732e-01 7.946591936434402870e-01
-3.633637673477080332e-02 1.049180767998826092e+00 6.056460207744633895e-01
7.702457184135204082e-01 1.505427653606467242e+00 -1.381510539351545330e-01
5.011738694912383218e-01 4.527200909851903377e-01 5.496276790132267331e-01
6.657339070209433718e-01 7.889328131942852096e-02 1.241466423549349107e+00
-6.416826347808702868e-01 8.295417522998111970e-01 9.599986460532079491e-01
-2.778852045838805518e-01 7.143959284087946227e-01 1.023957016872746539e+00
7.383744223404425933e-01 1.573642755433818152e+00 -2.224428729589798259e-01
5.000048565076965490e-01 5.031334165701822903e-01 4.968763710563365854e-01
-1.000000000000000000e+00 1.000000000000000000e+00 9.999999999999993339e-01
5.836226041184293667e-01 1.745052121734345096e-01 9.925788999199236518e-01
5.763678986455431641e-01 1.854600641166447850e-01 9.671823373943227997e-01
-6.824318159279595397e-01 8.350837474523938875e-01 1.007425412366326656e+00
-2.349248881223741370e-01 6.993421015110889982e-01 1.026808572386977092e+00
5.003038224474967155e-01 4.756533550011295408e-01 5.249542905073557586e-01
5.518855540566947049e-01 2.941652481383161266e-02 1.551885554057732097e+00
3.366821014499121745e-01 3.251866539281250135e-01 7.678186889245151026e-01
2.303727948380381030e-02 9.252401649961252694e-01 5.776211175183519897e-01
5.345321468055210801e-01 2.717299553780676558e-01 7.973331316569129967e-01
7.444828070161209066e-01 1.443744167877767381e+00 -5.901414385057306144e-02
4.552382695731721496e-01 1.455238269703374998e+00 1.007724189578668855e-01
5.743461004933793079e-01 9.599524723357243383e-01 1.886600612696813506e-01
2.921704455747384799e-01 4.536854424366367766e-01 6.098031576375183560e-01
8.365726456322557236e-02 4.827442804980307534e-01 1.093148252138600451e+00
5.000506897627895464e-01 5.101227380629863584e-01 4.899787073984280816e-01
5.099234715529473716e-01 1.509923471561350317e+00 6.495958029540062351e-02
5.093827791131501082e-01 3.723952439731168518e-01 6.463703342297389964e-01
5.035746079347548365e-01 4.190216186271026877e-01 5.881275877034568556e-01
5.195650580767898763e-01 3.217515709698170467e-01 7.173784654459595123e-01
5.176993575660803204e-01 7.058450149185040434e-01 3.295536920669414616e-01
3.547577044855125816e-01 1.329912760677249173e+00 1.635084017041003590e-01
4.838104715914796627e-01 1.483810471622673655e+00 8.296530482248680449e-02
-1.000000000000000000e+00 1.000000000000000000e+00 1.000000000000000000e+00
1.585719793680242240e-01 3.616155827930022659e-01 1.158925949690024826e+00
-4.407582557717030780e-01 1.015685783460564595e+00 7.651999877709511066e-01
5.007502294993755321e-01 4.620136929008438198e-01 5.394868286932982260e-01
5.426193113914744570e-01 8.345758737406778760e-01 2.506591527722794588e-01
