6.543406275957563967e-01 3.456593725774150250e-01 -3.587015222774583290e+00
5.785554349762246362e-01 4.089039635420887847e-14 -3.607507838278345424e+00
0.000000000000000000e+00 3.678750252222469652e-01 -3.621939855767981165e+00
7.872433151466450285e-01 2.127566854177384559e-01 -3.640095740009824610e+00
4.425597549107831430e-01 2.715460078991723814e-01 -3.576801675945235459e+00
4.499542352192039685e-01 5.500457343638688323e-01 -3.531694115552117097e+00
5.068538592098089657e-01 4.931461330468361326e-01 -3.504537925104101337e+00
2.280845158922028548e-01 0.000000000000000000e+00 -3.674055782983280949e+00
5.292202219138768537e-01 4.707797926446971593e-01 -3.518910929206553018e+00
1.683878743941900512e-16 1.874183615483770993e-01 -3.712520018533821631e+00
2.916309958579459821e-02 5.638453869056896384e-01 -3.602996526466657468e+00
4.590994524035068025e-01 5.409005345427957412e-01 -3.526151791440619299e+00
2.188067043905057019e-01 1.848775231760656395e-16 -3.681134690493538919e+00
4.705684380621995738e-13 3.495608843483233863e-01 -3.626676179056890881e+00
1.960577742981670923e-01 2.407779915583672381e-01 -3.637216325821822860e+00
8.975382138531873277e-01 0.000000000000000000e+00 -3.860367917285133732e+00
4.749202515740494346e-01 2.554474278765138662e-01 -3.569732616914853551e+00
0.000000000000000000e+00 0.000000000000000000e+00 -4.000000000000000000e+00
7.583059837519788848e-01 9.190858049124873974e-17 -3.665158188959285468e+00
4.129791015046722635e-01 1.136873434687138093e-13 -3.609882064580498984e+00
0.000000000000000000e+00 2.049699633422050193e-01 -3.693455364559102616e+00
2.880724292982159151e-01 7.119275454435014527e-01 -3.611425802691014653e+00
6.615613093102821196e-01 1.274427519112945768e-15 -3.629571988013728934e+00
7.636809743502045444e-01 2.363190525049145008e-01 -3.630687205556725861e+00
3.111446291917924212e-01 4.932164364424812542e-01 -3.553308869265353387e+00
3.960989744950086378e-01 6.039010191563118912e-01 -3.562070451099326629e+00
8.747089396509000192e-01 1.252910526922220436e-01 -3.725564747749253058e+00
2.897898609197488429e-01 0.000000000000000000e+00 -3.643677931607415932e+00
0.000000000000000000e+00 2.345019519791114448e-01 -3.669654980184957171e+00
3.407565398691139724e-01 8.358792178939039155e-09 -3.628965057955592322e+00
1.181152311859851450e-01 1.243056244486117087e-17 -3.827949016147529360e+00
4.069722659758396310e-01 5.930277208464572736e-01 -3.556249067612871073e+00
1.115963911702309574e-01 3.156668276175250698e-01 -3.630526749546352683e+00
2.212953200069416385e-02 7.993250096377376712e-01 -3.696509255510885161e+00
4.440892098498246760e-16 4.403280454323407755e-01 -3.602057612541416542e+00
1.222622834125344504e-01 6.725245918887987062e-02 -3.786089830112713273e+00
6.954621052880247678e-01 3.045378590395247387e-01 -3.604869054798597983e+00
7.768145285387081378e-01 2.231854568834861219e-01 -3.635747495489401793e+00
7.072228500191005685e-01 2.927771347651416667e-01 -3.609584150887980680e+00
9.299391182747095141e-02 0.000000000000000000e+00 -3.880102057363024493e+00
8.532109308794049163e-01 1.467887095304632183e-01 -3.690948088483596567e+00
4.417631664806272451e-01 5.582368358606110137e-01 -3.536563538299045462e+00
1.190023060436075086e-01 8.809976901180900377e-01 -3.738107371570086102e+00
7.887308096165861204e-02 7.906010556212317297e-01 -3.677244633343840885e+00
6.506576622149228273e-01 3.493423279827799210e-01 -3.585308293084145337e+00
0.000000000000000000e+00 1.864913409204914663e-01 -3.713641865263463071e+00
0.000000000000000000e+00 3.356937589197909327e-02 -3.981361978826339687e+00
2.907941743440530247e-01 0.000000000000000000e+00 -3.643339786656722534e+00
7.409513165047140943e-15 2.047343819369048523e-01 -3.693684877323132998e+00
6.750846476681761077e-01 3.249153439355070283e-01 -3.596295347968083700e+00
6.807712591654663248e-01 3.370158296284220256e-02 -3.634248075249532750e+00
7.661580096601265932e-01 2.338419569027999356e-01 -3.631618217665224524e+00
8.121395434732069374e-01 1.985233470125251916e-23 -3.711989189137033129e+00
7.443104015293610098e-01 1.602024225100802945e-01 -3.639834352159841746e+00
6.349761430470982626e-01 3.650238328961322165e-01 -3.577838939888005942e+00
2.261748300104305192e-16 2.066333636223429970e-01 -3.691854309941803969e+00
7.154876064739791319e-01 2.845123632363918409e-01 -3.612803518769516664e+00
4.205604597936128397e-01 5.794395418904539907e-01 -3.548752607186265617e+00
1.928384304329236465e-01 8.071615926325874657e-01 -3.649964338701954247e+00
6.052753110799833358e-01 3.947247067522677844e-01 -3.562794998993637829e+00
4.464709218796409362e-01 3.900197766388619480e-01 -3.549516104366154057e+00
1.011892139558758230e-01 1.077368218810282475e-16 -3.863026264816896482e+00
9.327831433101201331e-01 6.721684749874051734e-02 -3.875812849702778173e+00
0.000000000000000000e+00 1.486377989948356737e-01 -3.769743465275325445e+00
1.005581624055211648e-01 8.994417958961860027e-01 -3.781186722059274086e+00
5.983883271919306912e-01 1.168541108901485492e-01 -3.608404021425017483e+00
7.300967236202852292e-17 7.126992173560954269e-01 -3.644529352359649366e+00
4.890405399054724711e-01 4.469613046003483049e-16 -3.586948585962296931e+00
1.941808561469819672e-01 8.058191350572909695e-01 -3.649208449008139343e+00
1.971752667113302411e-15 1.616964847384309567e-01 -3.748135713552323889e+00
7.531309332142126500e-01 3.720045973525335872e-17 -3.662182193629273552e+00
3.981353709354133565e-16 8.281956857303479635e-01 -3.733023599367415457e+00
3.603494322382014836e-01 6.396505641432781442e-01 -3.580099621620157269e+00
2.752878641825407327e-02 9.504534414133941622e-01 -3.949463447794592241e+00
5.712161011377037134e-01 4.287839014278674865e-01 -3.544096248103623115e+00
6.715417149702103128e-01 3.284582749160014914e-01 -3.594750317471672840e+00
9.078671163216754936e-01 9.213288894627154335e-02 -3.803643714002915566e+00
2.182537685263958809e-16 6.597458754627648636e-01 -3.629096421330666011e+00
1.854018647423481270e-01 7.388792961118492153e-01 -3.634457054124278663e+00
1.262721148837726570e-01 4.249283803449243474e-02 -3.797975818075524757e+00
1.507627389228004267e-01 0.000000000000000000e+00 -3.766073506385975822e+00
2.074201744649089574e-01 7.925798622502571167e-01 -3.642496993617068579e+00
1.597743292980311771e-16 1.735606978126974856e-02 -3.994916656124015031e+00
5.176315690848793533e-02 1.355962984814924888e-01 -3.775907634635859544e+00
7.082352368396226394e-01 2.917647603211060980e-01 -3.609982518259443385e+00
1.652151917609384346e-01 6.260745576746690189e-02 -3.726251622822847942e+00
3.323047975345863603e-01 1.335425066841637385e-15 -3.631191356518031377e+00
7.227202948023032647e-01 2.772796980004418876e-01 -3.615563347738927291e+00
7.687039786735092584e-01 2.312960304418509028e-01 -3.632584489342327583e+00
4.160178718416912558e-01 5.839821194455951936e-01 -3.551286094606846078e+00
2.018878910210876454e-02 8.676299499351235456e-01 -3.796692538411084339e+00
0.000000000000000000e+00 8.826312105445416334e-02 -3.889864096052936038e+00
2.370724074371408363e-01 7.629275994747216627e-01 -3.630405595585106227e+00
8.656227403598741876e-01 1.343772660130676533e-01 -3.709413592861874331e+00
4.397488267605984547e-01 5.602511562465584127e-01 -3.537747309258990835e+00
5.529015371072834029e-01 1.492321583785861661e-01 -3.592615904613882805e+00
4.599731725509851321e-01 5.400268117527223799e-01 -3.525616449091675264e+00
3.459438082209330134e-01 6.540561908966652238e-01 -3.586884036111120277e+00
9.663001136186407658e-01 3.369987849069475822e-02 -3.963457315039434992e+00
3.404652439185349505e-14 4.657605333551118609e-01 -3.594362198471453773e+00
7.710140746051552529e-01 2.289859534572915023e-01 -3.633470949871617783e+00
6.220032788640579569e-02 1.426861476972469393e-16 -3.940082357364100840e+00
2.347808094436528144e-19 6.042906588880651660e-20 -4.000000000001571188e+00
1.088384394681333445e-16 1.544852330075217051e-01 -3.759786014486828698e+00
5.985781188118894924e-01 1.455289232746778989e-12 -3.613059118938517056e+00
1.725567439746171772e-01 8.274432896783822100e-01 -3.663788043526759353e+00
1.914770706888049845e-01 8.085229606343469211e-01 -3.650747599798574328e+00
4.536674198991276774e-01 5.463325571530268654e-01 -3.529457241525183697e+00
0.000000000000000000e+00 1.699521853736856991e-01 -3.735684669351374332e+00
8.064164485268764393e-01 1.617543082567979781e-16 -3.705358441998844121e+00
3.340166484005430148e-01 6.659833374867250022e-01 -3.592293342289850422e+00
4.479793231462885217e-01 5.520206904898288247e-01 -3.532876355403032242e+00
1.534222640029717644e-01 0.000000000000000000e+00 -3.761562787431229626e+00
0.000000000000000000e+00 7.087850167902689513e-01 -3.643198994633652710e+00
1.651456210775504863e-01 7.465831644999920691e-02 -3.720226120319265917e+00
0.000000000000000000e+00 9.159569660417406223e-02 -3.882997719935677772e+00
1.189781426864687797e-01 1.144378040036410100e-16 -3.826192057569676841e+00
0.000000000000000000e+00 8.340380527662589749e-01 -3.741582855124900409e+00
5.055563188939276031e-01 1.975140932948175609e-01 -3.572171442557488863e+00
5.595348508110758318e-02 1.129107018769935078e-01 -3.812054010728461950e+00
3.214066566857942120e-01 6.785933351210520215e-01 -3.597809382860341909e+00
1.811007891010659177e-01 8.188991972871596525e-01 -3.657347558323935210e+00
6.453989705701610990e-14 2.454393997874688982e-01 -3.662983822558730118e+00
1.391334921927073198e-01 8.608665124524755852e-01 -3.701863557481183786e+00
8.280016004920616964e-12 7.581362098580263220e-01 -3.665057238718244292e+00
2.638590407767133286e-02 7.533272277975553433e-01 -3.661515068387125815e+00
1.593353579090233951e-01 0.000000000000000000e+00 -3.751871946440348715e+00
7.678485533514610439e-02 3.376576999001095758e-01 -3.627527155055612518e+00
7.295894977649673985e-01 2.704104889556672719e-01 -3.618141228650734842e+00
4.213690585773090247e-02 5.640081722091419003e-01 -3.602734598928876153e+00
6.405689649061737656e-01 1.598846287654893672e-01 -3.615227438347919264e+00
7.843737622906391128e-14 4.875402171998269307e-01 -3.587437143735035860e+00
7.999596166469254144e-02 8.657011829533257652e-01 -3.756756895606051749e+00
6.706750972504326169e-01 3.293248882834559077e-01 -3.594369906244404334e+00
6.981513596672955790e-01 3.018486334856347320e-01 -3.605961738768498126e+00
5.775848827556154808e-01 4.224151249858061341e-01 -3.547710316239359063e+00
4.666990534294743198e-01 5.333009514944903051e-01 -3.521461330666571410e+00
1.659804292970774309e-01 9.002964325522296030e-02 -3.710840512951127934e+00
2.717652823267149853e-01 5.486639023282304795e-01 -3.574146765884423704e+00
7.934479470160877532e-17 8.141604350896133324e-01 -3.714437742278327459e+00
7.057592338638107865e-01 2.942407893509885186e-01 -3.609006167312054814e+00
4.043234714443524336e-01 5.956765332840111560e-01 -3.557681714727709110e+00
6.101655986050711356e-01 3.898343776314338038e-01 -3.565352849562834159e+00
0.000000000000000000e+00 7.514797948204091083e-02 -3.916118088844505962e+00
1.750290013060500076e-14 4.937441044701740833e-01 -3.585407281524591649e+00
3.863323726410594072e-01 6.136676333265220773e-01 -3.567164976649334296e+00
8.759156279493468533e-01 8.005622321194503718e-03 -3.815380505039565051e+00
5.925278893675048897e-01 4.074721327385190661e-01 -3.555977667217396831e+00
8.590303164933681401e-01 1.409696845258864017e-01 -3.699109204041416188e+00
6.684780143964215160e-01 3.315219721330200375e-01 -3.593401071035223993e+00
5.883571651852049778e-01 4.116428213630004551e-01 -3.553700135969046769e+00
2.759177103226253744e-02 1.683579759818440158e-01 -3.734742659380053453e+00
3.119034013209011635e-01 6.037142103906516208e-11 -3.636811457294392813e+00
1.874234967085985267e-16 8.396166096328884221e-01 -3.750204036309201960e+00
8.912583649943575104e-01 1.087416380214587808e-01 -3.760956625313860879e+00
5.704477660105095049e-01 4.295522066734737132e-01 -3.543656596571242989e+00
3.742473309797380576e-01 7.864677423100366327e-02 -3.618140296008443446e+00
1.282254208665039308e-01 8.717749828724846717e-01 -3.720096428348849571e+00
1.273411728779204556e-13 7.232844468741612687e-01 -3.648389693144292512e+00
4.457451096543194047e-01 5.542549031728313258e-01 -3.534207536074718714e+00
4.811124832785397820e-01 5.188875084640686142e-01 -3.512353849670223571e+00
6.266994456471755015e-01 3.733005431684724984e-01 -3.573764762557039454e+00
4.912308813998939594e-01 5.087690961320692207e-01 -3.505794807374252198e+00
1.918004049122597199e-01 8.081996160211427638e-01 -3.650560005047576162e+00
4.784287376245901320e-14 3.061311564802728369e-01 -3.638502978322152970e+00
2.648279795045388463e-01 7.351720220755398882e-01 -3.620210680126689784e+00
2.263754391702096358e-01 6.591803253967862819e-01 -3.610942593477549423e+00
8.440318466219391969e-01 3.459289838241807749e-17 -3.757332505306262505e+00
9.275204673138017775e-01 7.247952612264456362e-02 -3.860284890868999952e+00
8.127001396816477818e-01 0.000000000000000000e+00 -3.712662762605849931e+00
3.500374260667903914e-01 6.499625441387769653e-01 -3.584984117480365384e+00
1.329922039182735993e-01 4.251342799971124520e-01 -3.600541011576367634e+00
8.527702205464201546e-01 6.375697585693028413e-02 -3.750111580555428148e+00
0.000000000000000000e+00 1.428410682921144870e-01 -3.780042331557932567e+00
4.166399295685321857e-01 5.833600566865821957e-01 -3.550940785213641870e+00
2.206405549030313386e-14 8.751329103771371409e-01 -3.814334144635144419e+00
2.538435371278646158e-01 1.565691665439770233e-09 -3.658481860998573421e+00
4.165381588563967230e-01 5.834618447912408579e-01 -3.550997318878009512e+00
1.838967313249468827e-01 8.161032391312852408e-01 -3.655450051014370594e+00
1.107925526540129435e-01 8.892075345548046128e-01 -3.756158282474923560e+00
6.739643220626578834e-01 1.742668201150490148e-01 -3.621469663813647877e+00
9.327307004333865725e-01 6.726929449383423076e-02 -3.875658562299485688e+00
7.648511284121930487e-01 2.351488622572294462e-01 -3.631125999156967321e+00
1.467273953657783070e-01 8.532728546861831909e-01 -3.691030105113063620e+00
1.220424529148596143e-01 1.000113757259626091e-01 -3.754364238069422655e+00
2.558821360641946874e-01 4.846731897359783658e-02 -3.655280747354001214e+00
5.101098711923960360e-01 4.553792625455355680e-01 -3.517545796377896217e+00
3.091467611008046901e-01 6.908532460350064186e-01 -3.602975752354849348e+00
2.723077502598457711e-01 1.792363575278176080e-01 -3.632881903064560714e+00
1.314403819872636270e-01 7.801917657824704033e-01 -3.657350212379327115e+00
3.994280136728438624e-01 4.203318281629828124e-01 -3.554592822045183453e+00
7.771347116344159422e-01 1.693610614290456937e-17 -3.677928712133860856e+00
2.548448474921498064e-01 7.451551055197757067e-01 -3.623873259018143944e+00
2.468597886282500042e-01 7.531402246180124438e-01 -3.626792305800005778e+00
0.000000000000000000e+00 8.387592921491950904e-01 -3.748850923397203161e+00
9.645528099578138404e-16 1.964199008283048775e-01 -3.702235664697600903e+00
5.193982243937649290e-01 5.631885592532747211e-13 -3.589677193323491444e+00
1.512790692104229173e-01 2.180131504653829605e-16 -3.765190545815597645e+00
1.163422575502148781e-01 0.000000000000000000e+00 -3.831572472585650146e+00
2.934847508405583616e-01 0.000000000000000000e+00 -3.642448375661649251e+00
7.673461369505638618e-01 2.326538292035788824e-01 -3.632067865559016617e+00
4.884341809596802753e-01 5.115658047175544176e-01 -3.507621362597558967e+00
4.397442976253086999e-01 5.602556872437656210e-01 -3.537749965367657623e+00
4.994546517928614704e-01 5.005453163138068318e-01 -3.500363356587040897e+00
4.148621634014798554e-01 5.851378105863239698e-01 -3.551926260898379706e+00
1.224735347233865375e-03 2.471858813716189818e-01 -3.662004933621737290e+00
4.670845732470007072e-10 6.941068184895504700e-01 -3.638574002562519283e+00
4.687782884635412484e-01 5.312217117420265922e-01 -3.520164611003064881e+00
1.822485904849586447e-01 8.177514194658882518e-01 -3.656557061637042860e+00
7.911045375725205275e-01 3.585960977680879808e-16 -3.689731170064773469e+00
5.326409071462346878e-01 4.673590681362561616e-01 -3.521050326695019717e+00
1.192714365560713224e-01 6.612018406542307103e-01 -3.624189958049746529e+00
5.433463064276656818e-01 4.566536868534372129e-01 -3.527644938436125699e+00
1.468326695867099414e-09 3.548649543926071237e-01 -3.625304562289888288e+00
1.595355325623381955e-15 5.996815835035341768e-01 -3.613358793594628970e+00
5.062231765539881316e-16 2.209177880490918733e-01 -3.679445278908759054e+00
4.123258690695422168e-01 3.570667265390375933e-02 -3.609634397722556454e+00
6.490082779862155204e-01 3.509917314601505578e-01 -3.584538026428161217e+00
2.903328525372718127e-01 8.755376646673905874e-03 -3.643450339411718364e+00
2.023080268639095292e-01 1.182832223118233770e-16 -3.696089057673681566e+00
5.259007704941381181e-17 2.061740888567050733e-01 -3.692292970898887638e+00
1.688112160272588758e-01 8.311887689462647000e-01 -3.666955297417521464e+00
3.836627268985517425e-01 6.163372423309481096e-01 -3.568535401744266977e+00
5.750335249003544202e-01 4.249664780025032007e-01 -3.546269000654714176e+00
5.325749048633832921e-17 7.944744454614284246e-01 -3.692916806801471274e+00
1.442044492938510947e-01 7.834610819400604775e-01 -3.655406894868437284e+00
3.649805625999909958e-02 2.142602769353775527e-01 -3.682331334143252199e+00
5.392281274423593729e-01 1.067919451964229593e-13 -3.595904604455854248e+00
1.073637633520361095e-01 3.382402074350169044e-16 -3.850139793062719917e+00
1.669391800331751219e-01 9.009564418712207157e-17 -3.740117545038491809e+00
1.237300333615935916e-01 4.601141819649995950e-15 -3.816604213014290536e+00
5.302573642103648455e-01 4.697426410449869194e-01 -3.519561235855611425e+00
2.337010528454120939e-01 7.662989166077260883e-01 -3.631671432217568274e+00
9.066146952140844428e-01 0.000000000000000000e+00 -3.879290185601503627e+00
3.801353406102765398e-01 6.198646378229323295e-01 -3.570331586431671589e+00
6.259583780210831172e-01 3.740415889446160880e-01 -3.573395531351789778e+00
6.516483747750506650e-01 3.483515915380118178e-01 -3.585769227598298858e+00
2.806058934405025517e-11 3.165314549370325525e-01 -3.635493785397676536e+00
3.344515145460520977e-01 6.655484636435902157e-01 -3.592099408082699341e+00
3.899543243972552475e-01 6.100456502954455518e-01 -3.565290492959030999e+00
2.793277211738990854e-08 3.130854828060657402e-01 -3.636471894521003279e+00
2.205011785463200274e-16 8.379672172502385941e-01 -3.747609841428118926e+00
8.064611757637780987e-02 8.885665664114233975e-01 -3.789782152721235420e+00
6.211222092649429927e-01 3.788777792237570385e-01 -3.570967943746297557e+00
1.214665339662978211e-01 8.495481377343463425e-01 -3.705603924342489641e+00
9.615944277853551991e-01 3.840556010659863101e-02 -3.953304513610153670e+00
6.672751268058612073e-01 3.327248588054226852e-01 -3.592867963522912600e+00
9.556617939346886127e-16 1.052128883534128728e-01 -3.854623798889027064e+00
4.840626379257405576e-01 5.159373469634996878e-01 -3.510455570189277008e+00
7.167399636426892151e-01 2.832600289347486089e-01 -3.613285046048870797e+00
7.585317744015652730e-01 2.414682243814595675e-01 -3.628774080655452483e+00
1.412771563362659466e-01 8.587224658051274551e-01 -3.698656267629276684e+00
0.000000000000000000e+00 1.802274064753534299e-01 -3.721535955021620712e+00
1.798929263710249693e-01 6.075096847602921013e-01 -3.604559818698486851e+00
4.992860094622667432e-08 1.196654133918129692e-01 -3.824795989113268124e+00
7.192137888912555344e-01 2.807861983020679131e-01 -3.614231634670030058e+00
8.206528970759356945e-01 1.793471087728200908e-01 -3.658587612030073544e+00
2.354090525074599705e-01 7.645909376879600483e-01 -3.631028280824016630e+00
3.721747865450524828e-01 6.278251988639773629e-01 -3.574324270133093950e+00
3.192402856371483466e-01 1.890325384125198670e-11 -3.634736182947319261e+00
4.740817113536017202e-01 5.259182644159149378e-01 -3.516831013039783294e+00
3.263040690827187507e-01 6.736959528816076626e-01 -3.595691695024829215e+00
9.122835590973611686e-02 9.087716375010832515e-01 -3.806139704098747245e+00
0.000000000000000000e+00 1.929787072576718554e-01 -3.706038248168409321e+00
9.362204191762950600e-01 6.377957442239010066e-02 -3.885884226895948590e+00
7.943585351347752788e-01 2.056414640607344690e-01 -3.643330813319314743e+00
3.499670399782566776e-01 4.448891865513520959e-13 -3.626571028958785803e+00
3.978311339589219453e-01 6.021688534012030747e-01 -3.561153633814394315e+00
1.574258992211984842e-01 6.263951949598429991e-02 -3.736443300084378194e+00
2.211455351676666903e-01 7.595995122556364887e-01 -3.632707570674177155e+00
1.181732938212789047e-01 5.978073552918237166e-01 -3.608142992640191338e+00
1.227851564366373716e-01 8.772151554784860528e-01 -3.730428341304905526e+00
6.659799449967440665e-01 3.340200307570836413e-01 -3.592291832597606316e+00
6.256793796248416584e-01 3.743206075765356244e-01 -3.573256325950224799e+00
5.896978104189527503e-01 4.103021815456870947e-01 -3.554434760626868250e+00
1.097105520013979402e-01 8.902894183207716861e-01 -3.758675595527788182e+00
2.982496720288379533e-01 7.017503420287076743e-01 -3.607410435999924836e+00
0.000000000000000000e+00 7.322474212046505004e-02 -3.919824891937082612e+00
0.000000000000000000e+00 1.617745456442327145e-01 -3.748013508915626790e+00
1.425703492218136914e-01 8.574296487042182280e-01 -3.696779296830699391e+00
0.000000000000000000e+00 1.849792009059922082e-01 -3.715497354501283045e+00
0.000000000000000000e+00 3.712929136166567140e-02 -3.977338054913753140e+00
6.294263469393740484e-01 3.705736290519600629e-01 -3.575117146560383041e+00
4.161159356981873336e-01 2.445526362993257485e-01 -3.589016757772193866e+00
1.679719255019453670e-04 9.455755479372465189e-01 -3.953126901904553847e+00
4.982203290611008084e-01 5.017796634122969612e-01 -3.501184333312600039e+00
1.576003712893908892e-01 6.688131872015824486e-01 -3.622225527944810786e+00
7.204986345927091862e-02 1.196886157230418746e-01 -3.785787951484485436e+00
3.120722060618489890e-01 6.879277915905355201e-01 -3.601760273304206450e+00
3.362762378946727582e-01 6.637237476542771075e-01 -3.591282948723478530e+00
4.697403500991518821e-01 1.586554765048523163e-01 -3.584725678141256644e+00
5.891772957419297577e-09 3.437196205196075827e-01 -3.628192241990683797e+00
0.000000000000000000e+00 0.000000000000000000e+00 -4.000000000000017764e+00
8.668998708055022373e-01 1.331001291708726053e-01 -3.711545144282940800e+00
1.506645415825310919e-01 0.000000000000000000e+00 -3.766241821915766952e+00
1.805278369665375415e-01 0.000000000000000000e+00 -3.721144774627979768e+00
3.687923582365849884e-02 9.631207545877296106e-01 -3.956705211217073082e+00
2.694069141336359330e-01 2.565898915335420825e-17 -3.651320838386202805e+00
1.763041405076062884e-01 1.486048345673568944e-15 -3.726761411710327376e+00
5.939023118064398199e-01 0.000000000000000000e+00 -3.611782344850951620e+00
6.704437250292234474e-01 3.295562503732692439e-01 -3.594268178973283767e+00
1.582913966770148617e-01 8.417086656096777197e-01 -3.677171005956493488e+00
4.661719566581489227e-01 5.338280145081788497e-01 -3.521789129044375244e+00
3.093624819072358727e-16 1.814843052306826798e-01 -3.719907857356093306e+00
2.056219697780860975e-16 4.921154779649092315e-01 -3.585942622232890731e+00
7.016657046416622245e-01 4.280621577599705296e-02 -3.639939544963506801e+00
8.239933310967657576e-01 1.760067085911216633e-01 -3.661063370120221094e+00
9.449802652141453541e-01 5.501972022902509168e-02 -3.910917926002331679e+00
7.645269459118629873e-01 5.365636297147643869e-16 -3.669021871607234253e+00
3.973304165063819560e-01 6.026695590390059865e-01 -3.561419066677771639e+00
8.696471859516695657e-01 1.303528173442036475e-01 -3.716282879587248900e+00
3.144047543627719321e-01 6.855952323030477524e-01 -3.600783407885671750e+00
5.326301605841332609e-01 6.344769912525241584e-02 -3.592518197085424081e+00
3.084091771218988032e-01 6.915908246436848206e-01 -3.603280515653691563e+00
8.568356207955226678e-01 1.431643791942923960e-01 -3.695931273534679207e+00
7.635405155417429590e-01 2.364594529471993056e-01 -3.630634661612810454e+00
2.483529695137468574e-01 2.019800805245702269e-01 -3.634492819870336788e+00
4.897684562362570326e-01 5.102315504579669758e-01 -3.506751241715892142e+00
7.624088116241802826e-01 2.375911548792722372e-01 -3.630212057523642954e+00
3.005673366842198102e-01 6.994326827651287104e-01 -3.606479279921420478e+00
9.499024570664212908e-01 5.009753399045383665e-02 -3.924340418727536584e+00
8.270896651392822818e-01 0.000000000000000000e+00 -3.731457742443480718e+00
6.453101419764940838e-02 5.286267514761464614e-01 -3.591218387605021434e+00
2.671188977195250169e-01 0.000000000000000000e+00 -3.652290096665858243e+00
7.203770818708021828e-01 0.000000000000000000e+00 -3.647287524581243723e+00
6.334784029490930779e-01 2.254314055262545745e-10 -3.622290732757702081e+00
7.411101186636387395e-01 9.862942801072566157e-02 -3.648264599660241636e+00
3.195589986399798715e-02 0.000000000000000000e+00 -3.983067149416098296e+00
9.397778457213526448e-02 9.060221687406470048e-01 -3.798600388942041661e+00
5.241390564402147456e-01 4.758609425692463257e-01 -3.515704241959360044e+00
3.608118950671291292e-01 6.391880715784238332e-01 -3.579877249177660925e+00
9.205605025085469351e-17 1.517775636460073074e-01 -3.764341376728298716e+00
8.380365655401389446e-01 1.619634593070098938e-01 -3.673368267416293964e+00
1.032007216452571763e-01 8.967992751099050919e-01 -3.774471218941430006e+00
6.697325574415693428e-01 2.094958595837572990e-01 -3.615837258927764530e+00
2.041593021005672914e-01 7.958406756712744778e-01 -3.644039852670604596e+00
8.467342926084777677e-01 1.532656409168136613e-01 -3.682826781016034001e+00
2.205508969686618137e-01 1.009832849123166315e-14 -3.679735461468041979e+00
4.183943409280171943e-01 5.816056452242019947e-01 -3.549964121448933252e+00
6.798826487147684450e-01 7.137334572454255394e-08 -3.634492833626114638e+00
1.486721175786812066e-01 8.513278248494983158e-01 -3.688485488171235005e+00
0.000000000000000000e+00 3.767344747891514523e-01 -3.619633060122214196e+00
6.887972698383920678e-01 3.112027132951016850e-01 -3.602122653162007193e+00
0.000000000000000000e+00 8.042387891305986525e-01 -3.702951356706178920e+00
7.573794371796513936e-01 2.426205623717503645e-01 -3.628349092070700443e+00
7.344845692286131600e-01 2.655154530497485510e-01 -3.619956881213233668e+00
0.000000000000000000e+00 9.194325914797758792e-02 -3.882278648128856258e+00
8.803195532914180887e-01 1.174364937100868950e-01 -3.739023851928391817e+00
2.598855755266046286e-01 6.288624304137108156e-01 -3.598250417243476384e+00
6.825334019501915206e-01 3.174665725024750085e-01 -3.599490635552422990e+00
1.988680343469299561e-01 8.011320187022971107e-01 -3.646688201042657340e+00
3.320422325458060042e-01 6.679577685449417102e-01 -3.593170732780581744e+00
7.547623615598697544e-01 2.452376511109327639e-01 -3.627386973133144288e+00
8.605715162437423625e-09 3.231503191089327154e-01 -3.633658046887961568e+00
2.773786009047123913e-01 7.226213996219678082e-01 -3.615525942260542802e+00
1.971786251317118599e-01 8.028213871214489039e-01 -3.647576225103511760e+00
5.727871752054785048e-01 4.272127976862326593e-01 -3.544992813224404404e+00
8.926345270052674641e-01 1.073654711482752988e-01 -3.764239144182949470e+00
2.663009767730148969e-01 3.888790991914043427e-01 -3.592623946838448212e+00
7.469422201439418485e-01 2.530577979244014175e-01 -3.624526241942508609e+00
5.367906801460002875e-01 7.425841186344052356e-10 -3.595153015095241322e+00
4.263044697280333750e-01 3.260754783559797199e-01 -3.570646612401874975e+00
1.363781816841501682e-01 5.641533227625264990e-01 -3.597156085240101220e+00
5.934888700156442098e-01 1.261088245445089739e-01 -3.606320583963596338e+00
1.406545453952582070e-01 2.250839469773936331e-16 -3.784031975706697359e+00
9.013759517223560169e-02 0.000000000000000000e+00 -3.886008650100956974e+00
1.878420925803941655e-01 4.281281733305506764e-16 -3.712011185361152599e+00
1.092964727575915090e-01 8.907034742529008620e-01 -3.759647315298668246e+00
0.000000000000000000e+00 1.431791077940133550e-01 -3.779430533210228038e+00
6.314470032708190951e-14 4.919934532101400415e-01 -3.585982661845720010e+00
1.379412681546927366e-01 8.620587382217613781e-01 -3.703699307130543072e+00
7.862667783644888830e-01 0.000000000000000000e+00 -3.685394790022967548e+00
4.413400880101011614e-01 5.586599116462114267e-01 -3.536812618867023250e+00
4.920675933071811392e-01 5.079323765452723460e-01 -3.505246312531688169e+00
7.108710068734630516e-02 7.765409083372336596e-01 -3.669660331308623125e+00
9.266674001812977846e-01 7.333259663236607606e-02 -3.857765215151620630e+00
7.530865504064930827e-01 4.858803435131412579e-02 -3.659610013302157405e+00
0.000000000000000000e+00 8.034701668218833248e-01 -3.702116776204715798e+00
2.146699375135570353e-02 6.585765321963318875e-02 -3.927302004854714035e+00
1.867796069637694956e-02 8.893923459394571795e-02 -3.884478179193571634e+00
1.430925370870424485e-01 2.101589581308196675e-01 -3.658277245509888420e+00
3.512342855917454654e-01 6.487656851613395892e-01 -3.584424440357389496e+00
4.422632514242956225e-01 5.577367331049885024e-01 -3.536268807465603015e+00
0.000000000000000000e+00 1.093676369605811743e-01 -3.845971294725449408e+00
3.973469718917743698e-01 6.026530334558086732e-01 -3.561410303717598147e+00
2.895887193040646013e-01 7.104112446106584100e-01 -3.610834908896433326e+00
4.553598540378645532e-01 5.446401333867060268e-01 -3.528431598732301389e+00
7.953893327732933782e-01 9.951822588330738739e-02 -3.674455165686394409e+00
1.573456929631308621e-01 0.000000000000000000e+00 -3.755079907764823588e+00
7.238009798110263127e-01 2.761990082616125886e-01 -3.615971518475316504e+00
9.000235067294208580e-02 1.192875646863604117e-01 -3.768364903001387045e+00
1.258140682269952570e-01 0.000000000000000000e+00 -3.812451314708133143e+00
0.000000000000000000e+00 1.888819171365736516e-01 -3.710772993118074403e+00
1.038436996917615485e-01 3.032752384576354876e-01 -3.634370071100955002e+00
8.617381978741607274e-01 5.318811133992031037e-02 -3.770612470833260677e+00
1.798228539428061832e-20 6.011509360117999606e-02 -3.943693075890621458e+00
4.601580556004178368e-01 5.398418851471936675e-01 -3.525503024612735459e+00
8.182860009730266171e-01 1.817140067982803420e-01 -3.656923198303335010e+00
2.425962696550560682e-01 7.574037035675820206e-01 -3.628358037028132976e+00
1.093964977920491716e-01 1.454151832688963530e-01 -3.719284366958214960e+00
1.714739542810113465e-16 2.600110324298480768e-01 -3.655477317554242767e+00
4.281440310477900302e-01 5.718559417612379958e-01 -3.544461788338268526e+00
8.153983745443086351e-01 1.387770527199143016e-16 -3.715965622758156783e+00
2.478610837453125437e-01 4.455040715757531077e-16 -3.661634867111736469e+00
0.000000000000000000e+00 6.434480467516687785e-01 -3.624868731959459911e+00
6.915898725547602044e-02 6.173921384244570598e-01 -3.616449956823473144e+00
2.558983974472318413e-15 5.982828142673076843e-16 -4.000000000001483258e+00
1.110672058756854569e-01 1.358536557326716005e-08 -3.842444912523862222e+00
6.180834194667742532e-01 3.819165680396876539e-01 -3.569426641114850973e+00
2.326611527200130036e-01 3.115627107135119367e-01 -3.616439424847793571e+00
4.234331431442061033e-01 5.765668300830247839e-01 -3.547136246747673916e+00
1.877504608064988478e-01 8.122495059790131311e-01 -3.652983537261961011e+00
5.411184653874127060e-01 4.588815062008881895e-01 -3.526285167058281544e+00
2.022416037295314550e-01 3.492364293241449757e-02 -3.693198161857338402e+00
5.126923961334010904e-02 7.325715128893066364e-02 -3.887495878652089676e+00
9.552603790177081888e-02 9.698041525873007940e-02 -3.792466077379790690e+00
8.398272532657341527e-01 1.601726955535740238e-01 -3.675189273092498876e+00
3.016062829677482737e-01 4.661168705653168098e-01 -3.563922971914537996e+00
9.389037656219603178e-01 6.109619781839881886e-02 -3.893670181484722104e+00
3.112673541104861727e-16 5.210618483790040445e-01 -3.590209565016913462e+00
2.963055932606781240e-01 7.036943633449513902e-01 -3.608186596348641029e+00
3.467589198470546474e-01 2.848517468755064064e-01 -3.599553367324495490e+00
7.209730191377237141e-01 2.790269737300992148e-01 -3.614901189161147332e+00
1.241848838777785402e-01 8.758153626078785114e-01 -3.727689792810258140e+00
5.664751914180569115e-01 4.335248043288904563e-01 -3.541370830419653615e+00
4.517926148693642285e-01 0.000000000000000000e+00 -3.598640129152314238e+00
1.886713275527851785e-01 7.247385593692283745e-01 -3.630817094882299312e+00
7.569183660687858195e-01 2.430816448744254343e-01 -3.628179297021536520e+00
8.087759764100519444e-01 9.530334813261298610e-02 -3.685460916278972210e+00
3.972263623724669457e-01 6.027736311446819650e-01 -3.561474189769077370e+00
5.114315344179185541e-01 4.885684576431835735e-01 -3.507533905559334197e+00
8.599357745616806881e-01 1.400642864987016456e-01 -3.700456390423725317e+00
1.259979152166436633e-01 5.056282382933690034e-01 -3.579907771871606581e+00
5.948026392117279348e-01 4.051973549358418580e-01 -3.557210092138684221e+00
9.436767743479573811e-01 5.632321602145599210e-02 -3.907272756288072912e+00
2.193497974999929490e-01 7.806501979546766057e-01 -3.637302506354710196e+00
1.061957775614284366e-01 8.938042239703878344e-01 -3.767068140356174322e+00
5.432303569217735717e-01 4.567696409880657726e-01 -3.527574329700982503e+00
6.321818700084990139e-01 2.590172112685331483e-10 -3.621954612471414148e+00
4.772951216943906172e-02 7.044607680527386062e-01 -3.640566555817005057e+00
3.882308976894232599e-01 6.117690786832170602e-01 -3.566184602124184977e+00
7.805997388251980640e-01 2.194002967546830052e-01 -3.637281741226387588e+00
6.570215726022970992e-01 2.582410502576963363e-01 -3.605258926934756580e+00
1.612895406514391061e-01 3.201991427796770373e-01 -3.624358447459015586e+00
4.606341913127006138e-01 1.428179191809439411e-16 -3.595946943267461560e+00
2.193465214320668433e-01 2.291602953413566027e-02 -3.679743833651174967e+00
3.863976142667372993e-01 6.136023805469831283e-01 -3.567131363783631937e+00
3.425898479583837086e-01 6.574101579802270612e-01 -3.588424130177786608e+00
3.234611843432894790e-02 5.854025782501073305e-01 -3.609079461096707853e+00
9.466809066953619422e-17 0.000000000000000000e+00 -4.000000000000000000e+00
3.382876853827332941e-01 6.617122756548914353e-01 -3.590377857523376015e+00
8.824611590398043823e-17 6.076388519190555791e-18 -4.000000000000000000e+00
3.791412152667872348e-01 5.754389157993056170e-01 -3.558666638934588899e+00
6.938579333432619567e-01 3.061420700362449399e-01 -3.604213038606683739e+00
0.000000000000000000e+00 2.414977891846523117e-01 -3.665275157087347857e+00
4.308343360637907904e-01 5.691656510503430022e-01 -3.542921182439313199e+00
4.540440322726039812e-01 5.459559519810417427e-01 -3.529229340110052071e+00
7.232639928979671673e-01 0.000000000000000000e+00 -3.648381819051023101e+00
2.012904497000402777e-08 3.329116455930339891e-01 -3.631030148529100998e+00
1.121678113956867534e-01 7.380983515497268055e-01 -3.645365762379835228e+00
1.552507729588136729e-16 9.978620868430926327e-02 -3.865956693390296461e+00
3.917711001394185710e-01 6.082288877876370625e-01 -3.564343672209790093e+00
0.000000000000000000e+00 2.090455552156724184e-01 -3.689592480391334917e+00
1.295170322281868902e-01 1.921421256846525538e-01 -3.671516978932351627e+00
2.217673736121480166e-01 2.032419928613349780e-15 -3.678778792244923768e+00
8.675906676258581252e-01 1.324090324035264721e-01 -3.712717017978707901e+00
4.757730952449731876e-01 5.242268891857344570e-01 -3.515759969671637730e+00
2.121337417357989086e-01 7.878662212825958688e-01 -3.640368906226858048e+00
2.430405495967790513e-02 8.953250183637626036e-02 -3.880560878260347568e+00
0.000000000000000000e+00 1.547805442319758196e-01 -3.759295068194626666e+00
8.553305161281128388e-01 8.236583345331231765e-02 -3.740814290986326895e+00
5.015642427245045054e-01 4.984357199697624363e-01 -3.501041209647995700e+00
2.831851256133874376e-16 0.000000000000000000e+00 -4.000000000000013323e+00
2.955218520993590503e-01 7.044781324146308643e-01 -3.608498262609071361e+00
3.045927806257627268e-01 6.954071732708213549e-01 -3.604846645294541574e+00
0.000000000000000000e+00 8.617083245696634253e-02 -3.894143938642693925e+00
0.000000000000000000e+00 1.637332354379437693e-01 -3.744974962707590116e+00
4.876747659749157693e-01 5.123252337065650197e-01 -3.508115548333067935e+00
5.129601445693374919e-17 7.428900013176460426e-01 -3.656861158395389388e+00
2.844317306975668314e-01 5.057477047817771076e-01 -3.558271115357349856e+00
2.431564775200257822e-01 6.934695378128241661e-02 -3.658987573505401603e+00
3.685995075755393313e-01 6.314004670754223003e-01 -3.576090014874078182e+00
8.496304342173859325e-01 1.503693195691768736e-01 -3.686338047950395325e+00
6.747134723001881884e-01 8.539270735981293742e-16 -3.633075860347679598e+00
6.928031595723502800e-01 3.071968140789962387e-01 -3.603779979576772874e+00
3.411838702034620252e-01 4.192427277335730174e-01 -3.569276518141816457e+00
3.782953802794074797e-16 3.052019858038296229e-01 -3.638780911812300012e+00
5.050359911776463040e-01 4.949639758526420130e-01 -3.503340430867202482e+00
7.140892602198993799e-01 2.640271767392215769e-14 -3.645013473234866463e+00
4.315062224460446405e-01 5.684937634769463566e-01 -3.542534918676135014e+00
4.577235101213716906e-01 5.422764942614978212e-01 -3.526992793791085212e+00
4.010932963180257604e-01 5.989066920069867628e-01 -3.559416143010103006e+00
5.940727978543990373e-01 4.059271713266539017e-01 -3.556815435977730644e+00
5.954858572841407183e-01 1.242248180113930157e-02 -3.612163866098633491e+00
6.955648579555195887e-01 4.196114509510345593e-15 -3.639011565059123487e+00
0.000000000000000000e+00 0.000000000000000000e+00 -4.000000000000064837e+00
2.331859363488955428e-18 3.986551764244694596e-01 -3.613809340211062260e+00
1.252428978448067443e-01 0.000000000000000000e+00 -3.813586085257234082e+00
4.806317004087627409e-01 5.193682682595592848e-01 -3.512662102366414629e+00
6.459782767186913466e-01 3.540217188262226866e-01 -3.583113615742836711e+00
