1.097891522015986610e+00 -2.180157047573677565e-01 -8.353846866982411745e-01
-3.600751041150429543e-03 1.057488635658391019e+00 -1.608506033254617495e-01
-1.755147719591820810e-02 2.478500717406100229e-01 1.135595301629069187e+00
1.284783770764129862e+00 2.419167221734821460e-01 -9.178745714535375688e-01
7.816874348295432817e-01 1.238596817939339179e+00 8.965693194370230046e-01
9.467726094428208228e-02 -6.296356402474494462e-01 -4.294526403463347908e-01
1.493492162498361697e+00 -3.208772798141401594e-01 -3.482927321605518989e-01
-5.845348819110880445e-01 1.313581853748429840e+00 3.348598164401561661e-02
3.726532099803443465e-01 -5.195771357532743551e-01 -6.364579945278521222e-01
-1.059684829042343290e-01 6.918804918459522391e-01 1.478839109265348117e+00
1.004344772481088111e+00 8.765832060296547823e-01 1.946018692970221231e+00
1.999053394975446096e+00 1.746016493280181603e+00 1.909618658260443524e+00
-4.835511520433919408e-01 8.639423329525419692e-01 1.701158845423917931e-01
-5.235665403876343937e-01 -2.204669606975753204e-01 6.184265774434569707e-01
-6.313169369984367174e-01 -1.048112505684565265e-01 -1.537081604799417356e-02
8.424374831398346863e-01 1.960334661402857392e+00 -5.442411140421630211e-01
1.420076041040807091e+00 1.909181669795795511e+00 1.470235982945825359e+00
-8.395972238883544492e-01 1.932690656854433975e+00 1.628113716634424168e+00
-3.228576737006122466e-01 1.926614594482245924e+00 -8.933602055721258095e-01
4.843657712784699143e-02 1.917196307312315717e+00 2.226762732357745467e-01
-3.072329007688426872e-01 4.052059520965400896e-01 1.065547539064898963e+00
1.671210222552833358e+00 1.762872160347703776e-01 1.024246319994371213e+00
-5.544857820089565958e-01 1.615254469922947855e+00 -8.808651117095961380e-01
-1.653157467845089990e-02 3.452322301094576940e-01 -7.132466067121882025e-01
8.566296712622776255e-01 8.701968186938318084e-01 1.234340454126321873e+00
1.793981160408894215e+00 1.394938932454413472e+00 1.810543175296273510e+00
5.675561687177612669e-01 1.035875484574367178e+00 -6.710502302786217621e-01
-4.673952917914496741e-01 1.250714695777173535e+00 -3.196305532869381238e-02
-6.710620807412692734e-01 -7.610987866392537882e-02 1.066550501059350786e+00
-2.621007989677972549e-01 1.886461332877552355e+00 5.939631425826141786e-02
-6.847169613607899663e-01 1.379090185718532258e+00 5.768508325479473342e-01
1.663707625412587099e+00 4.314418406680231577e-02 4.152551579194665443e-01
-2.844027104813718898e-01 8.794318346672724829e-02 4.960840563976383066e-01
5.855889372841942553e-01 -1.433490164673877354e-01 1.541329873282817342e+00
2.020571483727673368e-02 1.396110913433545875e-01 1.375392255907210703e+00
5.186789051688014407e-01 1.761914436341383450e+00 1.651894787894071737e+00
1.782048687018321864e+00 1.739486695198110500e+00 9.575444014013347882e-01
1.921870831314367312e+00 1.244811226220840616e+00 1.306870936065027688e-01
1.835370759397264351e+00 1.150115139213050419e-01 -7.140692794427790924e-01
-9.307176050014875912e-01 8.075593990139062761e-01 5.322486110696227346e-01
8.213722749633975972e-01 7.191516474423726990e-01 -8.096310167649567457e-01
1.638681361560978100e+00 8.464936328025407519e-02 3.175967053862507328e-01
1.613982919566490093e+00 -5.365864214082154415e-01 1.230049560051936108e+00
-2.874508490820595341e-01 -9.504557411633535180e-01 5.548029889946426430e-01
4.231004177872788041e-01 8.723290192402011201e-02 -5.154027768813579380e-01
1.430547462019318150e-01 9.457766803896567875e-01 1.389920663508880772e+00
-4.576608341873846797e-01 1.420413253505240725e+00 1.865971361225640557e+00
-5.699809252495315892e-01 9.698656979343907025e-01 -1.369886621480128630e-01
-8.423145932958847615e-01 -1.288125580532819558e-01 6.776936586951971542e-01
1.722888605656736960e+00 1.594214187745324640e+00 8.938495694702033312e-01
-4.529192003022264323e-02 8.873049141256930117e-01 -4.126214496970249668e-01
4.655216904717838222e-01 1.708867848054946847e-01 -8.979641109586861125e-01
5.589730808167217013e-01 1.839161487506896009e+00 -2.365651246672394459e-01
3.939554273672132290e-01 1.073550582347289506e+00 -1.052104191139902056e-01
4.242182411087602745e-02 -1.041941150558767237e-02 -5.503256661977953268e-01
-5.766284892380459937e-01 1.283650603045420890e-01 1.109899535025000716e+00
1.938581634742015058e+00 8.001671348433148090e-01 -6.208849484355483117e-02
4.167194069041983973e-01 -3.274428554438384431e-01 -9.684670425134656035e-03
1.576864884634917807e+00 -5.655517619375770577e-01 6.873608901754550971e-01
1.283749291197955777e+00 1.090251914877014894e+00 6.691505350772812832e-01
-3.718038680273506591e-01 -1.518433979535186440e-01 -2.647456885452428299e-01
-2.394504146258754629e-01 1.867320981289299464e+00 1.157489208931296254e+00
1.967773216888094368e+00 1.861345769508165660e+00 -5.062615810591630794e-01
-1.311260213277842812e-01 9.029219717984422466e-01 1.495040699699194953e+00
1.981451000381280636e+00 -4.656893988085535341e-01 1.495861930789552208e+00
-5.550330650088982631e-01 2.112587216855632555e-01 -7.519685941606591983e-01
-5.212175594337264961e-02 -4.936499874329757231e-01 1.720361513309634383e+00
-6.297090278297285959e-01 3.918754134340340922e-01 -6.077858416383791207e-01
1.868683234923149694e+00 6.742862401777891534e-01 1.920600558226694510e+00
-1.585200573068261676e-01 7.886398670500125441e-01 1.773057205617324161e+00
2.882428512331447479e-01 1.963807230965145756e+00 -2.655099322183047672e-01
7.096334004748994229e-01 -1.753454914897097927e-01 1.711566183213577119e+00
1.200631245048196405e+00 5.511599827536151075e-02 6.137205561821112987e-01
1.004968757557273662e+00 -7.475411642017697478e-01 1.949911184720776625e+00
1.764939076666215634e+00 1.771935871550378572e-01 -1.076708226220749465e-01
1.514440310456193206e+00 7.437857898028825687e-01 5.759827391599636748e-02
1.256115671696401037e+00 1.435441559292991442e+00 -6.239349749468744433e-01
-4.571714879591591840e-01 -7.797253717878216417e-01 1.339139762848354565e+00
1.215155630715331725e+00 7.314680026697821802e-01 1.844351901230965485e+00
-1.555243613887953291e-01 1.171167705050240038e+00 1.003609151351678275e+00
-5.522033889454256439e-01 1.545381863414148516e+00 4.672210558142335657e-01
5.225544604493737033e-02 -9.057307655074660069e-01 2.781258332336127292e-01
-4.867346614718552900e-01 1.463604400495963631e+00 1.945272566297099548e+00
2.986977490063948970e-01 1.376293836525770420e+00 1.543960119671756281e+00
2.068405554864316542e-02 -1.257433025607967991e-02 -8.457161904586864010e-01
6.561003257624431484e-01 1.740856035802332613e+00 1.535640563815387605e+00
-7.562408070896892154e-01 3.196281672523442197e-01 -4.168498543512628718e-01
1.275311698893814683e+00 6.867480325503794170e-01 -2.045912701078611562e-01
8.614333126416844344e-01 1.405647613639642302e-01 -9.390003063059526589e-01
1.098341871226434119e+00 -5.588459105143508410e-01 -2.229173848537159275e-01
8.165513105955348738e-01 -3.267156218675527635e-01 1.776173732391318261e+00
-5.244721678982301460e-01 9.763842566899105790e-01 1.418381920895410708e+00
1.177710312888356370e+00 -2.068965972289937838e-01 8.484372230603485221e-01
3.456415935736343314e-01 7.333221962079448097e-01 -8.935240286006819188e-01
1.093692278397043083e+00 -6.454621837109675297e-02 1.764584445970562854e-01
-8.452442976001434127e-01 -1.437085388108061412e-01 -9.510622827252089850e-01
1.142356215885786952e+00 8.525374771367091320e-01 1.012644756187749184e+00
1.429538830736327704e+00 -4.244601341934848282e-01 1.917709769929034636e-01
1.500071720633125771e+00 1.965718705469584382e+00 -7.921250740567461479e-01
-5.128542276856329352e-02 1.721234596850784726e-02 1.693403515048064634e+00
1.817376065363470961e+00 8.819943154077880543e-01 -2.073438974124733880e-01
-7.159770364894718631e-01 1.709024092662740912e+00 9.837382606191023005e-01
-4.113717743955415118e-01 1.713201158447848815e+00 1.589683369246608802e+00
-1.274709800209430366e-01 8.667822846418880012e-01 1.998824446264810373e+00
-4.259253677079412048e-01 7.568375467007686375e-01 -6.233984722548707724e-01
1.436818973517762998e+00 -5.684839911085487474e-01 7.922048790473998903e-01
1.167204367681954125e+00 3.633259588256387840e-01 1.622987463316252210e+00
1.488274853520331398e+00 -2.633882803943569106e-01 -7.805800473426804942e-02
4.970473200465144181e-01 1.393080702666550597e+00 1.981295853144901198e+00
3.533728077280513524e-01 1.837369940821915293e+00 -4.130100067231741168e-01
8.741446017369001176e-01 -6.515603094780922921e-01 1.238734780877237540e-02
8.803882885650278212e-01 8.330110651776312380e-02 2.913838431293156450e-01
-1.999291197320385294e-02 1.604046415745097320e+00 9.813893134063129686e-01
3.835869677379628584e-01 -4.838621617642269168e-02 1.447880226406833781e+00
-5.319368950553577946e-01 5.122717733786823491e-01 3.312971641235771258e-01
-9.144010809999373324e-01 5.597904572348824104e-01 1.008873047827535174e+00
-3.830758238481601907e-01 1.353421084763270610e+00 8.716998619250482250e-01
1.074843852102298492e-01 -8.128836536266050850e-01 1.803374233196736398e+00
8.420217469251234377e-02 6.891743888439112453e-01 7.308923913723219812e-02
3.450173009771213550e-01 1.571237548499521797e+00 1.685151982091280143e+00
1.491910988737199073e+00 -7.997035226887307946e-01 -8.529753404674922379e-02
6.429812668442043133e-01 -2.662526704454013515e-01 1.046981817454852415e+00
2.778250939512227902e-02 5.860956764639815297e-01 1.472153680264703723e+00
5.131246414101116038e-01 -5.238004545960632807e-01 1.063972514371866573e+00
-4.194767567356177951e-01 -9.894189855881980744e-01 1.166710808092391360e+00
3.252528326839509987e-02 -5.202180499676714032e-01 9.797534751135104081e-01
-4.686916289264472235e-01 1.144476198324328120e+00 4.936412508565339863e-01
3.309807465341352284e-01 6.581554479891567055e-01 1.179901137340828132e+00
1.809556724493247337e+00 1.391642244526761552e+00 4.726168687002543223e-01
-2.128441165499556087e-01 -3.409285372823042115e-01 7.028821849428248392e-01
-4.052496228883366580e-01 2.749811199232410353e-01 -6.868236309059845279e-01
-1.418638464853921866e-01 -1.169393695867050331e-01 1.230657997195192532e+00
6.013520894838642050e-01 -4.247564893834906430e-01 1.441360166154499467e+00
1.469634312790724984e+00 1.115405389042790407e+00 4.326854787628306998e-01
6.043487935055535942e-01 8.587372056042017476e-01 6.602133773266283256e-02
1.332357459909128572e+00 6.220842906184391730e-01 3.117447572679166168e-01
8.277392182264597942e-01 -3.252619354572219290e-01 -1.920581389803290850e-01
8.262023668487832317e-01 1.814319458766026738e+00 1.662417886682316936e+00
3.556196706372416472e-03 -9.377254010855684552e-02 4.600256392873194322e-01
2.371109332233236611e-01 -5.690595076769502381e-01 1.924887013479255504e+00
1.945731837775264150e+00 1.722799302235293872e+00 8.995886406999078488e-01
1.567840355356007631e+00 9.061771766756581137e-01 1.288883379836060605e+00
1.876396838078409068e+00 5.747256752503382415e-01 1.340629821203180860e-01
-7.760953626611247769e-01 8.276101637280248724e-01 1.748931698269328816e+00
6.240074185184751876e-02 7.491489783785310053e-02 1.815218256816520270e+00
1.016867294602704419e+00 -5.456348787359062147e-01 -9.096402772670741932e-02
5.534915552193546695e-01 1.537480310576958331e+00 -6.599422371739505078e-01
1.686698562165118265e+00 1.166256181910810596e+00 7.961446070989839363e-01
1.848107275232326430e+00 1.912843684004778666e+00 3.396499043222780401e-01
1.244533390147200880e+00 -1.860818994705937257e-02 -6.925371325242493104e-01
1.650534278485419115e+00 1.163584696957441711e+00 8.101559655721031206e-01
1.749329203743730243e-01 1.071550660456209059e+00 1.353083070355378226e+00
-1.560244562904711252e-02 1.662694669035479134e+00 3.683088553155366984e-01
7.437194678468836972e-01 -2.118486922521471971e-01 1.829513543099342776e+00
1.474146581469884421e+00 1.257759070217951525e+00 -6.137937466927195773e-01
1.774743407121041727e+00 1.226239040538833258e+00 9.444479121683722056e-01
7.043691148459951812e-02 9.138106308901432495e-01 3.226095150862764438e-01
3.037381936204726074e-01 -7.655402103492481292e-01 9.147316122827855445e-01
1.509555518390204298e-01 -3.173539186794638312e-01 1.597452460132874563e+00
1.988948366196677586e+00 -9.307299592896833840e-01 -7.137103699027520509e-01
1.073484767520992200e+00 -5.210222789189844494e-02 2.344782256571775747e-02
1.730526101671557626e+00 1.126818372632200749e+00 6.200196805941815548e-01
1.232509983178061930e+00 3.930406744261336627e-01 4.281171038743893931e-01
1.143710247168302718e+00 -1.330450872519102212e-01 1.125008132727528309e+00
-5.442568329537050831e-01 -1.472939260157797303e-01 1.904668068442946893e+00
-1.441976949075211012e-01 -8.087383062535858924e-01 1.328495358885000144e-01
1.387832540041791685e+00 1.069240218787722352e+00 1.935081661729672664e+00
7.799048465942393094e-01 1.826963706221367723e+00 -2.044824274365866223e-01
1.653335086413102673e+00 1.898182683327583220e+00 -4.032604360263878363e-01
4.336719110326940907e-01 1.566104260231492518e+00 -3.647978938231940527e-01
8.240543162224098772e-01 3.073363432085698399e-01 9.071913519445293783e-01
1.366648463431638927e-01 2.864453758764708979e-01 8.707295555672760479e-01
5.983513283948096451e-01 1.470837376680951714e+00 -3.832654142926872343e-01
-5.542537372772115001e-01 5.205946916031951588e-01 1.664384058067432726e+00
-3.882018863615347426e-01 -9.115362287072772407e-01 -5.780959455555210180e-01
9.211799795798445434e-01 -2.876800651506915552e-01 1.931940101830262435e+00
-6.494811159893834063e-01 9.108757754523255645e-01 -1.172860659086738533e-01
1.434082726354205750e+00 8.172119777394457607e-01 1.151059378770997288e+00
6.360605211958612060e-01 -7.673659017466334387e-01 5.310332933591568327e-01
9.760546988136331592e-01 -5.114649919223270835e-01 1.338389779427031634e+00
6.355596326802321894e-01 1.287025992480143266e+00 2.865538092637747170e-01
1.909277066993523064e+00 1.755080814199764028e+00 -6.118680009239152451e-01
4.106575718788203488e-01 4.713479969804739156e-01 -5.920245120291197649e-01
7.334945803435348743e-01 -3.272896290506461803e-01 1.201949388652027828e+00
-4.109462005195766432e-01 6.770203978248421350e-01 6.329582434470479857e-01
9.397067333133857225e-02 1.030703026011408951e+00 6.158733918293748388e-01
9.005151038932026619e-01 9.897565788715581014e-01 8.802953613855923898e-01
8.648994616674146041e-01 -7.033534715275331362e-01 6.013019079162651437e-02
-4.798610710198845108e-01 1.665891058295663196e-01 -1.955367963514431651e-02
2.860637332839452984e-01 -3.119626692657370137e-01 1.023182969309444079e+00
1.385514220729577417e+00 1.544850614394415622e+00 1.586658243389940104e+00
8.135373815601187886e-02 1.242008553516591451e+00 -5.563707582725980760e-01
1.538953340486366450e+00 -4.434994441006681054e-01 5.386326655449504841e-01
1.915887590795883888e+00 1.136743765113759075e-01 1.128491669834149391e+00
4.861252117419969654e-01 -4.639447086162279410e-01 1.600429109125864890e+00
2.812070173329075384e-01 1.033654987210487874e+00 1.697562261817583185e+00
-4.038153371534513036e-01 1.259198613443516912e+00 -4.426200460545300919e-01
-1.726272447615080363e-01 1.247231134591887169e+00 8.432716110456122127e-01
-9.056812456881025986e-01 1.301499146973440268e+00 3.698871778603005644e-01
-8.417832149261775809e-01 1.100448896228472417e+00 -4.152742906609914186e-01
3.432162404954475221e-02 3.519293618303112048e-01 -7.219144745742411828e-01
1.873376711114110638e+00 -5.237000078342500808e-01 -4.774367602792535248e-01
6.835318048709018157e-01 -2.153633869649477228e-01 2.565939626979130139e-02
-1.759577267124646793e-01 -4.851175684051970416e-01 -4.829362393617787630e-01
7.879239982341748050e-01 -9.881496010659351903e-02 2.417363677851409598e-01
7.232714627273884034e-02 6.250725443203575260e-01 1.116994836369622490e+00
1.484471886253013739e-01 -2.490590945013071433e-01 1.330308088635962616e+00
1.915194385751098682e+00 -5.440922932949234792e-01 -4.192054464525896140e-01
5.669556410869531771e-01 -4.681293495900116231e-01 8.389765871234318162e-01
-3.036281873582395985e-01 1.715753908016732332e+00 -9.986680869203592437e-01
7.935763963713213798e-01 6.688382766066318652e-01 5.382745982605985358e-01
3.832527136413013125e-01 5.926928998701219697e-02 1.144709840686802149e+00
6.630626437033697584e-01 2.546416647647609111e-02 -1.479210735499173479e-01
-7.488848739223962214e-01 -4.567719608988346502e-01 1.981696009319311891e+00
-7.423974987594610386e-01 -9.420918656129401159e-01 5.406163021514829303e-01
-2.085748961610656149e-02 6.244474400884216791e-01 1.580309578603724230e+00
7.918838590517247589e-01 1.720661295687485826e+00 9.674228731465219777e-01
1.854004460746869309e+00 8.137024865785789096e-01 2.176649297670341099e-01
5.843938720908425921e-01 1.581603958914620467e+00 1.018449007122000705e+00
-2.950624292991935738e-01 8.574531391423101390e-01 4.295172277275869366e-01
-7.650641618378799524e-01 -5.802567193875463047e-02 1.361682944073163259e+00
5.899157408991571039e-01 -8.594150060448622064e-01 5.232004504321956517e-01
4.152063006944928247e-02 -2.224167464317976517e-01 2.429326892988519226e-01
7.561555912567943238e-01 7.007277961266995536e-01 4.005936879829263830e-01
-2.671004004633409368e-01 -9.770404653589798150e-01 1.447078960610983511e+00
-3.891144212611845621e-01 -9.899412959773138398e-01 3.224766801511305125e-01
3.007760682689575304e-01 9.664890912111041565e-01 1.322013532561898685e+00
-8.998507472804075924e-01 1.668992700032908783e+00 -9.783310487002072620e-01
-4.021796370675356780e-02 1.870551311790590088e+00 1.307000866458162491e+00
-3.836952107115541022e-01 1.942865706918057267e+00 5.306477541677188103e-01
-5.558889165308311675e-01 1.838654650666407875e+00 6.617727769444810004e-01
1.838361962029555485e+00 9.487694608996770640e-01 8.277400143083615269e-01
1.158586384155373850e+00 3.857841434705622241e-01 1.455226546127668996e+00
6.416316642575077278e-01 1.837080622494299043e+00 -8.181890981251808137e-01
1.315018495519532316e+00 -1.562009539318008899e-01 3.232581705466497368e-01
1.849138285211119559e+00 1.950296185735967747e+00 1.446461768295325356e+00
6.208820345719767708e-01 6.752383282996947678e-01 6.863939290841813978e-02
-8.017259516172376976e-01 -4.281153434056833573e-01 1.645129725386601294e+00
1.626377609214578968e+00 1.078841544229413252e+00 1.741049312424980400e+00
1.182143048942470465e+00 4.692232014095409909e-02 4.871052207817627711e-01
5.800429558779285344e-02 4.392715330258289974e-01 1.840003848134814657e+00
7.615850115974929224e-01 -1.834335698729707698e-01 1.827072240587728658e+00
4.335900064745321636e-01 -7.318107909135023181e-01 1.272297771321774462e+00
7.746060940541612538e-01 -2.963602792146953213e-01 -7.808497224376224066e-01
6.703803345161838401e-01 -1.829175957129594021e-01 1.427447266583584451e+00
1.733653152407092612e+00 1.773958657264141259e+00 -9.352825939479091355e-01
1.747115725635105754e+00 3.871761105215747456e-01 -2.819399889557582251e-01
-5.446537449667335773e-01 8.198616268691751863e-01 1.121886818993232726e+00
8.534879197795159911e-01 -8.033026238927594154e-01 -7.395532057533344972e-01
1.120086898762238992e+00 1.301948766622043951e+00 4.346612668701919091e-01
3.708801788314732839e-01 6.231290225520771386e-01 -4.139341268140839247e-01
9.688866307363088737e-01 -8.579739968227199087e-01 7.128040015733285717e-01
-2.116980022587018340e-01 6.249369679002845235e-01 1.528034823083523452e+00
2.280290063015393276e-01 1.292007008917517297e-02 8.682431554784639793e-01
-6.805682763513591915e-01 5.688086753668739615e-01 1.627480490662076118e+00
1.882195648820991885e+00 1.563012092141647713e+00 6.857802214474504332e-01
1.164823779591829478e+00 1.430906825081324385e+00 1.082016436324444442e-01
1.530378647574976103e+00 6.313366096357844182e-01 1.693620071089930068e+00
1.933377020499301935e+00 -1.050141494463575631e-01 4.062876399309778286e-01
-3.551814876065985116e-01 1.073750441823009272e+00 1.246084984841044907e-02
1.834019102674942392e+00 3.761600966793876566e-01 4.798332029764509343e-01
-6.056134753854436337e-02 -5.076728421996250518e-01 1.871346871381578403e-01
1.440327906551659876e+00 -4.906106154146061549e-01 1.579540287110045238e+00
-8.072154326350867715e-01 -3.781732119036740336e-02 5.504169939910201759e-01
1.741601298182402502e+00 1.589728422786884643e+00 -8.209416164495495494e-01
1.549447536766866751e+00 1.636256647265124986e+00 4.442532413443669448e-01
-5.722601055041892648e-01 1.776900859227938501e+00 -2.700041701816308093e-01
1.892469448228629503e+00 3.909478033660280794e-01 7.996233760449698025e-01
6.066613147672175188e-01 1.719418799176673840e+00 1.529846039726247220e+00
9.499979877584789900e-01 4.259785089923853185e-01 1.507706917423172754e+00
1.084136387417278247e+00 8.883688567226140087e-01 1.847789808414158408e+00
8.798122305896205475e-02 -9.651331687853091923e-01 7.651641658985837147e-01
1.333047193871704117e+00 9.102816935401687459e-01 2.463475891771911286e-01
3.434985660201663737e-01 -1.354170589279092285e-01 -6.381354249696279402e-01
1.836968711942708055e+00 3.136879563992325259e-01 -4.510335018379529881e-02
1.130270127341048259e+00 -1.903033718616767844e-01 1.670953964313275364e+00
1.588602714255819670e+00 -4.537844625036629997e-01 3.533539108411247742e-01
-8.737737252626021078e-01 7.446133291650360864e-01 1.910602674896261455e+00
-9.980231355274020721e-01 -5.136069645058682909e-02 1.915687297783636112e+00
1.957775883882192591e+00 3.097064501781883195e-01 1.870415549180234116e+00
2.832370527486971490e-01 1.093988019208378404e+00 1.697311521205615126e+00
-8.111059911713168757e-01 1.048028175123387751e+00 1.499790766971482281e+00
1.260651401747606037e+00 -1.829533428868926892e-01 -7.006598652341928801e-01
1.149264170408172081e+00 1.660167634988494179e+00 1.317041034203147998e+00
9.054579439571348587e-01 -8.480359068278667811e-01 1.905122000106117319e+00
9.749969403772800192e-01 5.919259846202482578e-01 5.990446533276039265e-01
7.630589554131805841e-01 4.242334152293549820e-01 1.447858212890300145e+00
-4.194003001636978922e-01 7.181028704019785103e-01 8.133803749295307473e-01
4.217789565851433053e-01 -6.990156086728001039e-01 5.275450735506082012e-02
1.120342083267573674e+00 -8.057801878556110076e-01 -1.508728961029751625e-01
-1.845271723232956296e-01 4.981664658270263946e-01 -1.240035040832734303e-01
-9.145577879921575892e-01 -5.992771259733646882e-01 8.545766332216935268e-01
-9.209853533131470149e-01 1.858143682347785486e+00 1.117003331558979351e+00
1.043354733080615659e+00 7.681583654204535705e-01 -8.695078394731816651e-01
-1.942787249081578960e-01 1.645347004860193252e+00 8.258174617643248006e-01
-2.551773004130806211e-01 1.827609490897018407e+00 5.797916494575892088e-01
1.171347008567649617e+00 -9.990607219850329290e-01 1.726258105971166579e+00
4.121380905560783070e-01 1.734942946597508584e+00 8.998668628277539661e-01
-4.744522644352738849e-01 1.489542357093401215e+00 3.843068396406974507e-01
-2.066051701628279780e-01 1.869782299162648709e+00 -3.946721387675958814e-01
8.623093406040567288e-01 -2.511770352973513587e-01 -9.329711820607068384e-01
1.070854488320641451e+00 -9.168136990880204618e-01 5.316461694518084258e-01
1.992459449971167196e+00 -6.979667862017598923e-01 -5.626546701372804327e-01
-5.342181541155521796e-02 7.762696992404207741e-01 1.312735971776427313e+00
-8.475369381846444838e-01 -8.317648884812204324e-01 1.892542182048383204e+00
5.613552669002004336e-01 1.475742835366788075e+00 1.473694988495246605e-01
1.068637620506787567e+00 1.366174931445684138e+00 2.505486710623872071e-02
1.743435640168455869e+00 1.768797745243134489e+00 -7.499314635641123328e-01
6.515176352461333753e-01 1.896593269818799499e+00 5.995056939932341677e-02
1.077288812185508871e+00 -8.381031680347383883e-01 -4.274247437406791805e-01
1.623197499081035389e+00 7.867644291497581932e-01 -8.746566599453603486e-01
4.097640300354916665e-01 -8.897711412402399267e-01 -1.473392541861828775e-01
-7.947863403593310450e-01 7.831882662479117130e-02 -8.600608648691447922e-01
1.581537447965534859e+00 4.435018643420569617e-01 1.209939146323217418e+00
1.916695434463624004e+00 1.782194554862664759e+00 2.260661721153147674e-01
1.116310943639578834e+00 3.662761856223659684e-01 -6.916160850810244565e-01
5.192408806889377004e-01 1.121234329645308225e+00 1.028488551666879580e+00
1.944500506074596569e+00 1.250134937838186744e+00 1.291061126314888341e+00
1.672295023316771712e+00 1.747680285989738014e+00 6.945096702582937986e-01
9.068987718897243422e-01 -3.163379238217999267e-01 4.815120441753051317e-01
1.921471715336541930e+00 1.713473286653592442e+00 -8.641773424008534210e-01
5.417376237819300222e-01 1.717552045939320315e+00 -3.367129177287211395e-01
8.153988001813321507e-01 7.581338373834958233e-01 1.686337465972861605e+00
-3.999735967606835585e-01 1.083279039028644863e+00 9.401140331440283049e-02
-4.240810032213669922e-01 1.072525025817684163e+00 -8.848867170444059127e-01
-7.749803894395179693e-02 1.998236227671356779e+00 -3.456651222880575691e-01
9.187934865648579308e-01 1.721534630544136579e+00 4.150277155295056808e-01
-5.949979696333558277e-01 1.640564403158892404e+00 1.291312858423001586e+00
1.348337727986045564e+00 -2.538301441267156733e-01 1.783723447797403328e+00
1.216343444371267069e+00 -1.751175892788846555e-01 -2.716738171661152723e-01
1.564016362985770847e+00 1.035125642658603518e+00 1.591880214526661064e+00
-7.125345170521645288e-01 2.999709146670386239e-01 1.675730130971952114e+00
8.310639323281503454e-01 6.056670498830181160e-01 -8.190482810848493944e-01
1.987226342382542033e+00 -3.448652335516869671e-01 1.587046308765741820e+00
6.027616217133713317e-01 1.183769902566162990e+00 2.628196312705952664e-01
1.409710872431662931e+00 2.393032805687043130e-01 1.438147636066481994e+00
5.342919748461683049e-01 6.226427686485112023e-01 -8.597556115307875002e-01
-6.806911736286713754e-01 1.933426632294378944e+00 -3.394388500825251676e-02
1.771583260756013800e+00 1.503645326872516286e+00 1.830067960440120434e+00
7.127565636504606950e-02 1.244710904316804090e+00 -2.944432604437899892e-01
8.725244435240084862e-01 2.656156208966065080e-02 1.541536255354302831e+00
-1.646615242393368872e-01 8.269756737337274899e-02 9.675968912817811685e-01
6.508529939574023704e-01 9.417448605059055566e-01 1.864935199111010800e-01
2.349670926763036682e-01 -5.206870073844770408e-01 1.567510897605040920e+00
1.471484250087596202e+00 1.958810330646834075e+00 9.265158300300837535e-01
1.977670869682198962e+00 6.637310776947646929e-02 -8.724326680136436085e-01
-3.127684191787050150e-02 1.440126147074920926e+00 1.783533703772083534e+00
1.196973075861847313e+00 1.962100088441649071e+00 1.911476741139277458e-01
5.804973797320551743e-01 3.227376593372772717e-01 1.060726228767131740e+00
1.096740214871042784e+00 1.367399753197799939e+00 6.372241221113088550e-01
1.308321764147658328e+00 -9.714508094569526131e-01 2.522387314521854496e-01
4.045074989251182807e-01 3.310432362304305265e-02 7.049516816267153985e-01
1.445469748357984585e+00 1.115362404146590602e+00 9.386905901940645336e-02
3.088680640292797985e-01 6.679676951028006293e-01 1.345167646577842380e+00
2.223906273874622919e-01 -8.573762802316502452e-01 3.356492017202228340e-02
1.273993779241256341e+00 -8.896189692856897313e-01 3.421540455898592903e-01
1.859253995923503489e+00 -5.262101843916885402e-01 -8.173589512785108813e-01
4.111191040074950731e-01 8.904135282663527828e-01 -9.958967051826944639e-01
1.016597772486812268e+00 1.238854578413000063e+00 1.484010823473775886e+00
-8.002352629093345548e-02 6.365976191630107195e-02 -9.257642973860655822e-01
-9.107936180074687194e-01 1.987060428958639324e+00 -9.843963441997115593e-01
-1.294462591160786546e-01 2.184033398726739073e-01 1.794535677842601373e-02
8.802292456824472033e-01 7.518930583571861170e-01 1.607472930731901339e+00
1.395176478387960550e-02 7.617341258364276335e-01 -1.731424514252561941e-01
-7.214530518863383479e-01 9.215449627050209536e-01 3.691174855835848145e-01
-8.664834858111136739e-01 1.200490599671269365e+00 6.193920602098619277e-01
-3.271545816052899847e-01 1.745486307657574621e+00 4.684794410623562833e-01
1.802625352922684776e+00 -7.780113833427482195e-01 1.087636015041501203e+00
-3.510674460162045429e-01 7.213661949351073410e-01 1.158302930273505726e+00
1.774119828882825267e-01 1.934281307631904312e-01 1.978571581568588034e+00
1.636933616585961371e+00 -4.016659698101582299e-01 1.195722476876706519e+00
-1.659638500952083096e-01 1.351323246908996190e+00 -8.403636669237443124e-01
1.907715447417343668e+00 2.100606205352741895e-01 4.447002712809489111e-01
1.011374626570627822e+00 -4.641036733649422930e-01 -4.323741068644998409e-01
1.063184138677654378e+00 4.461339865464970522e-01 1.921009937303024273e+00
1.856282488391804542e+00 1.624434779276025420e+00 -6.662858132013576018e-01
1.505604982123345259e-01 1.053384429510136222e+00 -3.977696911789847523e-01
7.233919338698711066e-01 -2.852270371704979102e-02 1.816062411761719009e+00
-3.222678749150105215e-01 1.332720895517745419e+00 1.421502214454332336e+00
2.346864815290641282e-01 1.718501603587826221e+00 1.859024151382947299e+00
-3.508503880603464076e-01 2.683056940602930318e-01 4.024385361478561851e-01
1.223029666421731054e+00 -2.211894094419210033e-01 3.738777780644211290e-01
1.941594130131109708e+00 5.177101415785363425e-01 7.486571081412369821e-01
5.453940376296562142e-02 1.385679294032454933e+00 1.625740380133847474e+00
5.550873713318082991e-01 -7.505669552768959862e-01 -3.399546931028241126e-01
1.776713937028217227e+00 8.392424868946779526e-01 1.681115537792665648e+00
9.311810592260210129e-01 -8.817023293884964641e-01 -7.031417697028815583e-01
1.024121150303654026e+00 1.825084698537049910e+00 3.582075852719741604e-01
-8.828123184756657693e-01 1.274245948983660615e+00 9.249368598659124530e-02
6.622791692901546234e-01 5.996863093063367067e-01 -2.960039801364859890e-01
6.477720425468371790e-01 1.736621568393732939e+00 1.795191996420569147e+00
-1.335384607640880406e-01 1.960483623478534554e+00 1.068016526670070299e+00
-3.825800187762421478e-01 4.076515049260156509e-01 1.968037303553135775e+00
9.867257721494766542e-01 1.386044892747589685e+00 1.784907970296117696e+00
7.973663181692647317e-01 1.690990095489439238e+00 -2.598927911938582191e-01
-8.784947058829976063e-01 8.359681590648777583e-01 1.212973715981084943e+00
1.210518916604768069e+00 -7.406873184572256852e-01 -5.813196587270776927e-01
3.630896013957216617e-01 4.696809842181655092e-01 -8.402725567503944726e-01
1.947025773939560445e+00 -2.659641141806121656e-01 7.664307778206378430e-01
8.863698173829896998e-01 1.786505720974168820e+00 1.858543091927848501e+00
-8.331209615169116178e-01 -3.191053367299293564e-01 1.498542915418989097e+00
1.899626095782463331e+00 -8.273179966946049291e-01 -5.398941643265888768e-01
6.993761103002582580e-02 1.255945838538893078e+00 -7.428337664539406138e-01
-7.752262815048045486e-01 7.966173569663390630e-01 -2.246087308253388315e-01
9.873154607583467524e-02 -1.899000376454820227e-01 1.310989995124623775e+00
-5.306208361520801109e-01 -7.659267205692347202e-01 3.310611934967599979e-01
-6.379757106927080867e-01 1.592328766315030286e+00 1.573833037400210522e+00
-8.303507510960830285e-01 1.387227734970299498e+00 4.871854989451422924e-01
1.628138737334875685e+00 4.728513675701995211e-02 -4.250490288711860076e-01
-1.151168232399776281e-01 2.622785645647205399e-01 4.200816805551532696e-01
2.902132312374692269e-01 1.465817326038010293e-02 3.209255634794230261e-01
1.102610767828448246e+00 -4.069751374589427595e-01 8.714740482101299701e-01
5.176523098628202924e-01 -2.713920711620414483e-01 -4.358659902509668393e-01
4.500465398101494152e-01 1.501915066632096618e+00 1.167279145037850796e+00
-5.007204103378195548e-01 1.023248068185065751e+00 1.067223891536315694e+00
-9.877873125533800369e-01 2.141805139295009930e-01 2.170892686434160446e-01
3.155210054070711756e-01 7.239003245202297876e-01 -7.122872113788896176e-01
-8.390362085739645481e-01 -7.712697538538948461e-01 -4.422485718146494937e-01
1.739408362706049260e+00 1.453440810793361404e+00 -9.906503645107466172e-01
-7.994149653068135519e-01 -8.415478386418353551e-01 9.192755252312401204e-01
5.542473593445351732e-01 -5.540258079295622418e-01 2.609055561960240688e-01
-5.519454346782897147e-01 -1.216065602646063670e-01 -2.454209062170510380e-01
7.963219647530701550e-01 1.960835867187280535e-01 -6.882241796980584914e-01
1.157849278545233673e+00 -5.848576357770624012e-01 1.132316409661902057e+00
1.412425163306957998e+00 -3.432630970363175216e-01 -6.091638780965000777e-01
-6.497994502503677827e-01 1.488638619390703965e+00 -5.533480235641176082e-01
4.399102686341258561e-01 -1.338386528872637093e-02 1.062567613529205257e+00
1.113350011227416392e+00 1.089207285290493488e+00 5.881858500763947895e-02
-1.752571149947179663e-01 6.341361887400638331e-01 -8.948411720148976567e-01
1.684225028879171582e+00 1.488251639426581008e-01 5.599198418718986936e-01
7.862385166317285012e-01 1.674515398618356965e-01 1.217253862737281978e-01
1.480919167034239869e+00 1.235807923994348023e+00 -3.445402150028217259e-01
-8.546829246667519975e-01 -8.659403606301784295e-01 -1.066774854503285130e-01
1.806745596417487221e+00 -4.961016670947731022e-01 -8.753123096991590746e-01
1.532206960141232699e+00 1.784820639555101174e+00 -7.180493563729620776e-01
1.282864968080097867e+00 -6.133191889557043641e-01 5.174178003376832535e-01
1.019486681187119714e+00 -3.213027759989944832e-01 1.577673623905063049e+00
4.877261961139183200e-01 -4.456146259283442213e-01 -6.185360586644746972e-01
-2.388753196593074168e-02 1.519245064178899263e+00 -2.894052840493390732e-01
1.029713086207705075e+00 6.094703387137374584e-01 1.934254061883798670e+00
7.218271172782857459e-01 -4.219240214860929816e-01 2.515262506091930916e-02
6.238410449207005826e-01 6.695917300702489694e-01 -4.609253425695606365e-01
4.169369818823334128e-01 9.004548813820103526e-01 1.027944141901404596e-01
3.981635533968130858e-02 4.010352190926433913e-01 7.188544233742422129e-01
-1.299520641819662536e-01 9.182929547610723109e-01 -5.119624058083427354e-02
9.164253933950068376e-01 1.958462876154103860e+00 1.565601892358188252e+00
1.879815480135668793e+00 -4.247543923251689835e-01 2.965546821582076831e-02
1.469230428013065470e+00 -2.036836706393577723e-01 4.259649437169716890e-01
-5.293629589353203713e-01 -7.003437578906789307e-01 4.059448385302910633e-01
-5.922087792519959981e-01 1.767323547167026998e+00 1.473912270690219017e+00
8.317801133228470700e-01 -4.564343834810159484e-01 1.904255121576241550e-01
-8.533771696178047428e-01 1.509582356720359009e+00 1.371448621813754265e+00
-2.499363889366885694e-01 -4.008143126217741381e-01 -8.218819421537459924e-03
1.645293605640155032e+00 1.323824525368604288e+00 5.483077509115832360e-01
-5.802668456144975950e-01 -9.115770541073930922e-03 6.333048244107661873e-01
5.403534601275574722e-01 -6.519547508336062114e-01 -3.752921121768585389e-01
1.056174782201187323e+00 5.763746684539627907e-01 7.601985089843890098e-01
7.146195385356517438e-01 1.753643581731708423e+00 2.463632779642770387e-01
-6.736076225663717443e-01 -3.355103046107615894e-01 1.701916144039612888e+00
-2.086220739277785396e-01 -7.020901555402188077e-01 5.670423032816382936e-01
-8.040345551039584926e-02 1.327851494734566096e+00 1.591505401152888410e+00
1.810781475771950255e+00 1.241055509243559118e+00 1.673971300437957943e+00
-6.201001546657354258e-01 7.428622023232911431e-02 1.873826743681525464e+00
3.442800489713686574e-01 1.028239992498930722e+00 1.153490179411865046e+00
-8.038274294631481132e-01 1.106664449058861521e+00 -1.618450319539128657e-01
1.168159915703924412e+00 8.967771479657788980e-01 -7.468015595766986925e-01
2.049747831670767351e-01 -6.298409326940157538e-01 -5.329333446660045048e-01
1.458678584946311751e+00 -4.244414891962666747e-01 7.381316530336454740e-01
-2.934927364925223880e-01 1.177731650588209611e+00 1.308188544341596149e+00
4.139758255797354458e-01 1.406256958572412508e+00 1.726096849878310469e+00
8.787498510049169820e-01 1.714018184098290654e+00 -8.206744429450607559e-02
1.987218088348632783e+00 1.989537917219394991e+00 1.983280871705567883e+00
-6.924472540063630888e-01 1.793991674285174920e+00 1.960844856369610589e+00
1.842185432574122927e+00 8.728353994836972607e-01 1.690909087230153318e+00
1.309186610345404844e+00 1.897455209678626797e-01 9.714677942455320903e-01
-7.840539392549580322e-01 7.334616241254057201e-01 1.261840573368168350e+00
-1.145598256754938316e-01 8.197071639583350944e-01 1.648369408416368032e+00
1.739764225470524561e+00 1.460109951054560096e+00 1.509410886560776710e+00
3.546514567531042772e-01 -1.678175724897607024e-01 1.721438851053371799e+00
-8.042182232579695444e-01 -8.157136707797592035e-01 -3.730816357833730557e-01
3.383066636966503005e-01 1.240509549208972384e+00 8.928905017311969949e-01
9.109248044431312863e-01 -9.566388014044838739e-01 -4.310356251256372007e-01
1.061066536261417781e+00 6.221142082586275102e-01 -8.806441034702370274e-01
-4.195932416291237033e-01 1.470129306556865245e+00 -7.740590922453828293e-01
-4.659958365913396960e-02 2.325128547569952353e-01 -5.387795563090460593e-01
-5.883169374823077336e-01 -4.268019406204182076e-01 -2.706842254195321873e-01
6.651333633602973805e-02 4.656003522708047626e-01 1.538874649184550414e+00
1.397917497423581956e+00 4.216020135338536257e-01 4.014579828693030095e-01
5.719097234941044050e-01 1.822440027785851679e+00 1.269458322365561997e-01
1.890405634882188046e+00 -5.240986377055305567e-01 -2.501235474489283961e-01
3.635895741447914276e-01 -8.365164120963616279e-01 -6.674104430200200611e-01
2.621313791739954269e-01 -3.649419429975517826e-01 3.068495147858074645e-02
7.959924270863365514e-01 -5.905777390583281106e-01 -9.668690619098871952e-01
-3.102661380506528399e-01 6.648889181410866378e-01 -5.015154408320638968e-01
-5.824637680573115928e-01 7.984330595428539290e-01 -9.833089348263529539e-01
-9.388156185345990501e-01 1.131430575134797500e+00 1.383614237760202315e+00
1.667232752491127901e-01 3.697668786741186153e-01 1.522699238437863478e+00
-7.462540653216706010e-01 1.375621647432951900e+00 4.597041782209869698e-01
1.121625050641207544e+00 -9.782597379362301115e-02 -2.035283800115705866e-02
1.671149888275952122e+00 1.779453414589978077e+00 1.195536693621588764e+00
